0.00;0.00;3069792.25;
22.77;1006.08;63.43;72471
22.77;1006.08;63.33;87431
22.77;1006.06;63.28;92265
22.77;1006.08;63.25;94889
22.77;1006.08;63.41;91057
22.77;1006.10;63.36;94139
22.77;1006.10;63.34;95214
22.77;1006.08;63.30;94440
22.78;1006.08;63.32;95140
22.78;1006.08;63.32;94923
22.78;1006.08;63.34;94815
22.78;1006.08;63.33;95031
22.78;1006.08;63.31;95576
22.78;1006.08;63.32;95740
22.78;1006.08;63.24;96515
22.78;1006.08;63.09;97645
22.78;1006.08;62.83;98335
22.77;1006.10;62.61;98451
22.77;1006.10;62.44;100105
22.76;1006.10;62.25;99925
22.75;1006.12;62.16;100285
22.74;1006.14;62.19;100467
22.73;1006.14;62.16;100225
22.72;1006.18;62.16;101136
22.70;1006.18;62.19;101321
22.69;1006.20;62.13;100892
22.69;1006.22;62.10;101940
22.68;1006.22;62.03;102002
22.67;1006.28;61.95;102189
22.66;1006.28;61.92;102315
22.65;1006.30;61.94;102064
22.65;1006.30;61.96;102252
22.64;1006.32;61.95;102819
22.64;1006.32;61.92;102692
22.63;1006.32;61.91;103328
22.63;1006.32;61.82;103328
22.62;1006.32;61.80;103520
22.62;1006.34;61.78;103843
22.62;1006.34;61.73;103972
22.61;1006.34;61.76;103520
22.61;1006.36;61.61;105617
22.60;1006.36;61.58;105484
22.60;1006.37;61.64;105350
22.59;1006.39;61.63;105350
22.59;1006.39;61.61;105617
22.59;1006.37;61.57;105885
22.58;1006.39;61.53;106087
22.58;1006.39;61.50;106087
22.58;1006.39;61.43;106425
22.58;1006.39;61.46;106766
22.58;1006.39;61.45;107177
22.58;1006.39;61.44;107040
22.58;1006.39;61.44;107453
22.58;1006.39;61.45;107453
22.58;1006.39;61.46;107246
22.57;1006.41;61.44;107523
22.57;1006.41;61.49;107040
22.56;1006.43;61.55;107177
22.56;1006.43;61.57;107523
22.56;1006.43;61.58;107592
22.57;1006.41;61.58;106834
22.57;1006.41;61.56;106493
22.57;1006.41;61.54;106971
22.58;1006.41;61.51;107661
22.58;1006.41;61.48;107731
22.58;1006.39;61.50;106020
22.58;1006.39;61.53;108501
22.58;1006.39;61.45;107731
22.58;1006.39;61.50;106629
22.58;1006.39;61.64;105350
22.59;1006.39;61.70;105617
22.59;1006.39;61.71;104624
22.59;1006.37;61.74;104821
22.58;1006.39;61.72;105350
22.58;1006.39;61.73;105751
22.58;1006.39;61.70;105751
22.58;1006.39;61.74;105885
22.58;1006.39;61.71;105550
22.58;1006.39;61.69;106222
22.58;1006.39;61.68;106155
22.58;1006.39;61.68;106766
22.58;1006.39;61.69;106020
22.57;1006.41;61.74;104427
22.57;1006.41;61.77;105284
22.57;1006.41;61.75;105952
22.56;1006.41;61.63;106290
22.56;1006.43;61.65;104297
22.56;1006.41;61.74;105417
22.56;1006.41;61.67;105085
22.56;1006.41;61.60;105218
22.56;1006.43;61.61;106020
22.56;1006.41;61.61;105550
22.55;1006.43;61.46;106358
22.55;1006.45;61.48;104362
22.54;1006.45;61.69;103649
22.53;1006.47;61.82;103843
22.53;1006.47;61.88;104427
22.53;1006.47;61.85;104037
22.53;1006.47;61.80;105019
22.53;1006.49;61.73;105218
22.53;1006.47;61.67;105284
22.53;1006.47;61.64;106290
22.53;1006.49;61.61;105684
22.53;1006.49;61.60;106629
22.53;1006.47;61.67;105284
22.54;1006.47;61.67;105751
22.54;1006.47;61.63;106020
22.54;1006.45;61.59;106358
22.54;1006.45;61.54;106493
22.55;1006.45;61.54;105818
22.55;1006.45;61.54;105684
22.55;1006.45;61.54;105751
22.55;1006.43;61.53;105284
22.55;1006.43;61.54;105417
22.55;1006.43;61.62;104755
22.56;1006.43;61.65;105350
22.56;1006.43;61.59;105417
22.56;1006.43;61.48;106425
22.55;1006.43;61.41;105751
22.55;1006.43;61.47;105350
22.55;1006.43;61.53;105818
22.55;1006.45;61.51;105818
22.55;1006.43;61.51;105885
22.55;1006.43;61.51;105350
22.55;1006.43;61.53;106425
22.55;1006.43;61.48;105350
22.55;1006.43;61.53;105218
22.55;1006.45;61.55;105218
22.55;1006.43;61.53;105151
22.54;1006.45;61.49;105751
22.54;1006.45;61.46;105885
22.54;1006.45;61.47;105484
22.54;1006.45;61.53;104821
22.54;1006.45;61.62;104167
22.55;1006.43;61.71;103520
22.55;1006.43;61.60;104887
22.55;1006.43;61.60;103843
22.55;1006.43;61.73;103649
22.55;1006.43;61.71;104362
22.55;1006.41;61.67;104037
22.55;1006.41;61.66;105284
22.56;1006.41;61.64;104037
22.56;1006.41;61.65;103585
22.56;1006.41;61.81;103009
22.55;1006.41;61.83;103137
22.54;1006.43;61.80;103907
22.54;1006.43;61.77;104297
22.53;1006.45;61.69;104755
22.52;1006.47;61.64;104755
22.51;1006.47;61.57;105684
22.50;1006.49;61.47;107800
22.50;1006.49;61.36;105952
22.50;1006.49;61.45;105284
22.50;1006.49;61.57;104689
22.49;1006.51;61.62;104167
22.49;1006.51;61.67;104689
22.49;1006.51;61.70;103778
22.48;1006.51;61.70;104821
22.49;1006.49;61.67;104821
22.49;1006.49;61.60;105218
22.49;1006.49;61.52;105885
22.49;1006.49;61.51;105284
22.49;1006.49;61.52;105417
22.49;1006.49;61.56;105350
22.49;1006.49;61.58;105417
22.49;1006.49;61.58;106493
22.49;1006.49;61.59;105218
22.48;1006.49;61.64;104558
22.48;1006.49;61.66;104953
22.48;1006.49;61.67;105484
22.49;1006.47;61.68;105151
22.49;1006.47;61.67;105019
22.49;1006.47;61.68;104953
22.49;1006.45;61.76;104037
22.49;1006.45;61.69;105484
22.49;1006.45;61.69;103073
22.49;1006.45;61.74;104232
22.49;1006.45;61.65;104887
22.49;1006.45;61.60;105350
22.50;1006.43;61.55;106087
22.51;1006.43;61.40;107108
22.51;1006.41;61.29;107384
22.52;1006.41;61.26;105952
22.53;1006.39;61.31;105684
22.54;1006.39;61.31;105818
22.55;1006.36;61.26;106358
22.56;1006.36;61.49;105818
22.57;1006.34;62.00;105684
22.57;1006.32;62.48;105550
22.58;1006.32;62.83;104558
22.58;1006.32;62.92;104558
22.58;1006.32;62.84;105484
22.58;1006.32;63.00;104362
22.59;1006.34;63.22;103972
22.59;1006.34;63.03;106222
22.58;1006.34;62.71;105284
22.58;1006.32;62.40;105885
22.58;1006.32;62.04;106155
22.58;1006.32;61.88;106020
22.57;1006.32;61.62;105818
22.57;1006.32;61.60;105617
22.56;1006.34;61.58;104953
22.56;1006.32;61.61;104232
22.56;1006.34;61.59;104037
22.56;1006.34;61.58;104887
22.56;1006.34;61.50;106155
22.55;1006.34;61.44;105284
22.55;1006.34;61.78;104887
22.55;1006.34;61.82;105350
22.55;1006.34;61.60;105218
22.56;1006.32;61.79;104167
22.56;1006.32;61.90;105218
22.56;1006.32;61.63;106425
22.56;1006.32;61.46;105617
22.56;1006.32;61.41;106561
22.56;1006.32;62.04;105550
22.55;1006.34;62.54;107040
22.54;1006.34;61.98;105885
22.54;1006.34;61.67;106020
22.54;1006.34;61.57;104887
22.53;1006.34;61.82;104362
22.53;1006.34;62.14;105085
22.53;1006.34;61.85;104953
22.53;1006.34;61.74;104953
22.54;1006.32;62.06;105085
22.55;1006.32;62.00;105085
22.55;1006.30;61.72;105085
22.56;1006.30;61.61;104887
22.56;1006.28;61.51;104755
22.57;1006.26;61.46;104755
22.58;1006.26;61.57;103907
22.58;1006.24;62.13;103328
22.58;1006.26;62.26;103907
22.59;1006.24;62.30;103972
22.59;1006.24;62.06;104037
22.59;1006.24;61.88;103843
22.60;1006.22;61.73;103585
22.60;1006.22;61.68;102756
22.60;1006.22;61.71;103009
22.61;1006.20;61.84;102252
22.61;1006.20;62.03;102189
22.60;1006.20;61.92;102882
22.60;1006.20;62.00;103456
22.60;1006.20;61.93;102819
22.61;1006.18;62.08;103073
22.61;1006.18;61.97;103843
22.62;1006.18;61.80;104362
22.62;1006.18;61.78;103009
22.62;1006.16;61.79;103137
22.63;1006.16;61.79;102756
22.63;1006.16;61.80;102189
22.63;1006.16;61.85;101940
22.63;1006.16;61.81;103137
22.63;1006.16;61.83;102315
22.63;1006.16;61.94;101815
22.63;1006.16;61.98;101940
22.64;1006.16;61.83;102064
22.64;1006.14;62.00;101940
22.64;1006.14;62.49;101753
22.64;1006.14;62.21;101567
22.64;1006.14;61.99;101505
22.65;1006.12;62.17;101815
22.65;1006.12;62.14;101629
22.65;1006.12;62.65;101014
22.66;1006.10;63.09;100225
22.66;1006.10;63.15;100892
22.66;1006.10;63.18;100831
22.66;1006.08;63.28;100346
22.66;1006.10;62.99;100467
22.67;1006.08;62.69;99627
22.67;1006.08;62.61;99686
22.68;1006.04;62.67;99153
22.68;1006.02;62.83;100045
22.68;1006.02;62.52;99865
22.68;1006.02;62.34;100709
22.68;1006.02;62.70;99746
22.68;1006.02;62.65;100648
22.68;1006.02;62.52;100045
22.68;1006.02;62.67;101014
22.68;1006.02;62.63;98918
22.68;1006.02;62.97;100892
22.67;1006.02;62.70;100831
22.67;1006.02;63.01;100045
22.67;1006.06;63.07;101198
22.66;1006.06;62.49;102377
22.66;1006.06;62.34;103200
22.66;1006.06;62.18;102377
22.66;1006.06;62.11;103073
22.66;1006.06;61.98;102882
22.66;1006.06;62.10;102946
22.66;1006.04;62.05;102503
22.66;1006.06;62.11;101877
22.66;1006.06;62.22;101136
22.75;1005.89;62.84;93193
22.82;1005.79;75.39;92882
22.82;1005.79;69.75;95303
22.73;1005.92;73.73;91859
22.65;1006.08;78.51;88828
22.57;1006.22;81.09;86078
22.49;1006.34;82.56;85026
22.42;1006.47;83.43;83578
22.36;1006.57;84.07;83079
22.30;1006.67;84.54;83328
22.32;1006.63;76.29;91356
22.34;1006.59;69.78;94033
22.36;1006.55;66.66;95760
22.38;1006.51;65.36;95685
22.40;1006.49;64.53;96795
22.41;1006.45;63.91;96851
22.43;1006.41;63.71;97531
22.45;1006.36;63.63;98918
22.47;1006.34;63.44;98451
22.48;1006.32;63.23;98509
22.49;1006.30;63.23;98451
22.50;1006.28;63.37;98046
22.51;1006.26;63.47;97588
22.52;1006.24;63.21;97474
22.53;1006.22;63.23;97360
22.54;1006.22;63.31;97077
22.54;1006.20;63.54;97817
22.55;1006.20;63.22;98393
22.55;1006.18;63.18;98335
22.55;1006.18;63.12;100105
22.55;1006.18;62.97;99925
22.56;1006.16;63.15;99094
22.56;1006.14;63.13;99806
22.56;1006.14;63.00;101075
22.56;1006.14;62.77;100953
22.56;1006.14;62.80;100892
22.56;1006.14;62.80;102189
22.56;1006.14;62.84;102002
22.56;1006.14;62.53;104037
22.55;1006.14;61.94;103649
22.55;1006.16;62.40;101877
22.55;1006.14;62.74;102252
22.55;1006.14;62.56;101629
22.55;1006.16;62.64;102692
22.55;1006.16;62.38;101629
22.55;1006.16;62.38;102064
22.55;1006.16;62.57;102629
22.55;1006.14;62.38;103200
22.56;1006.14;61.98;103264
22.56;1006.12;61.99;103649
22.56;1006.12;61.96;103713
0.00;0.00;3070087.25;
22.58;1006.12;62.12;85725
0.00;0.00;3069501.50;
10:20:32;0.00;0.00;3069833.25;
10:20:38;22.55;1006.08;63.39;19866
10:20:44;22.56;1006.06;63.32;33543
10:20:50;22.57;1006.04;63.30;45146
10:20:57;22.58;1006.02;62.88;53406
10:21:3;22.60;1005.98;62.78;60492
10:21:9;22.62;1005.96;63.06;66099
10:21:15;22.64;1005.92;62.79;71356
10:21:21;22.65;1005.90;62.29;75419
10:21:27;22.65;1005.90;62.02;78617
10:21:33;22.65;1005.92;61.93;81536
10:21:39;22.64;1005.92;61.90;84253
10:21:45;22.64;1005.92;61.86;87066
10:21:51;22.63;1005.92;61.85;89017
10:21:57;22.64;1005.92;61.88;90269
10:22:3;22.63;1005.92;61.85;91356
10:22:9;22.63;1005.92;61.85;92368
10:22:15;22.63;1005.92;61.86;93297
10:22:21;22.63;1005.92;61.87;94997
10:22:27;22.63;1005.92;61.85;95760
10:22:33;22.63;1005.92;61.84;95521
10:22:39;22.64;1005.92;61.84;95905
10:22:45;22.64;1005.92;61.84;96460
10:22:51;22.64;1005.90;61.83;97360
10:22:57;22.64;1005.90;61.84;97133
10:23:3;22.65;1005.89;61.82;97645
10:23:9;22.65;1005.89;61.84;97874
10:23:15;22.66;1005.89;61.85;98393
10:23:21;22.66;1005.87;61.84;98277
10:23:27;22.66;1005.87;61.86;97531
10:23:33;22.66;1005.87;61.85;97989
10:23:39;22.66;1005.85;61.87;97645
10:23:45;22.66;1005.85;61.87;98162
10:23:51;22.67;1005.85;61.87;97874
10:23:57;22.67;1005.85;61.89;98046
10:24:3;22.66;1005.85;61.91;97759
10:24:9;22.66;1005.87;61.94;97874
10:24:15;22.66;1005.87;61.98;98743
10:24:21;22.65;1005.89;62.02;98162
10:24:27;22.65;1005.89;62.04;98684
10:24:33;22.65;1005.89;62.05;99036
10:24:39;22.64;1005.89;62.06;98568
10:24:45;22.64;1005.89;62.07;98451
10:24:51;22.63;1005.89;62.11;98743
10:24:57;22.63;1005.90;62.12;99271
10:25:3;22.63;1005.92;62.15;98451
10:25:9;22.62;1005.92;62.17;99627
10:25:15;22.62;1005.92;62.17;98568
10:25:21;22.62;1005.92;62.19;98626
10:25:27;22.61;1005.94;62.22;99390
10:25:33;22.61;1005.94;62.24;99212
10:25:39;22.60;1005.96;62.27;99036
10:25:45;22.60;1005.96;62.29;99508
10:25:51;22.60;1005.96;62.32;99627
10:25:57;22.59;1005.96;62.33;99212
10:26:3;22.59;1005.98;62.33;99865
10:26:9;22.59;1005.98;62.34;99390
10:26:15;22.59;1005.98;62.34;99036
10:26:21;22.59;1005.98;62.38;99925
10:26:27;22.58;1005.98;62.39;99746
10:26:33;22.58;1005.98;62.40;99212
10:26:39;22.58;1005.98;62.42;99271
10:26:45;22.58;1005.98;62.42;99153
10:26:51;22.58;1005.98;62.43;100045
10:26:57;22.58;1005.98;62.43;99449
10:27:3;22.58;1005.98;62.44;99212
10:27:9;22.57;1005.98;62.41;99330
10:27:15;22.57;1006.00;62.43;99271
10:27:21;22.57;1006.00;62.44;99746
10:27:27;22.57;1006.00;62.44;99212
10:27:33;22.57;1006.00;62.46;99627
10:27:39;22.56;1006.00;62.50;99925
10:27:45;22.56;1006.00;62.51;99985
10:27:51;22.56;1006.00;62.50;99094
10:27:57;22.56;1006.02;62.53;99925
10:28:3;22.56;1006.02;62.53;99212
10:28:9;22.55;1006.02;62.54;99094
10:28:15;22.55;1006.02;62.56;99271
10:28:21;22.55;1006.04;62.56;99330
10:28:27;22.54;1006.04;62.57;98918
10:28:33;22.54;1006.04;62.57;99036
10:28:39;22.54;1006.04;62.57;99390
10:28:45;22.53;1006.04;62.57;99094
10:28:51;22.53;1006.06;62.59;99686
10:28:57;22.53;1006.06;62.62;98743
10:29:3;22.53;1006.06;62.63;99212
10:29:9;22.52;1006.06;62.65;99094
10:29:15;22.52;1006.06;62.65;99865
10:29:21;22.51;1006.06;62.67;99449
10:29:27;22.51;1006.06;62.69;99212
10:29:33;22.51;1006.06;62.70;99271
10:29:39;22.50;1006.08;62.70;99153
10:29:45;22.50;1006.08;62.72;99153
10:29:51;22.50;1006.08;62.72;98860
10:29:57;22.50;1006.08;62.72;99567
10:30:3;22.49;1006.08;62.72;99449
10:30:9;22.49;1006.10;62.74;98801
10:30:15;22.49;1006.10;62.72;99330
10:30:21;22.49;1006.10;62.72;99330
10:30:27;22.49;1006.10;62.73;98801
10:30:33;22.49;1006.10;62.72;98918
10:30:39;22.49;1006.10;62.74;98977
10:30:45;22.48;1006.10;62.74;99449
10:30:51;22.48;1006.10;62.72;98977
10:30:57;22.48;1006.12;62.75;98918
10:31:3;22.48;1006.12;62.76;98801
10:31:9;22.48;1006.12;62.78;98743
10:31:15;22.47;1006.12;62.79;98860
10:31:21;22.47;1006.14;62.79;99153
10:31:27;22.47;1006.12;62.79;99153
10:31:33;22.47;1006.14;62.80;98684
10:31:39;22.47;1006.14;62.80;98918
10:31:45;22.46;1006.14;62.78;98509
10:31:51;22.46;1006.14;62.80;98743
10:31:57;22.46;1006.16;62.80;98684
10:32:3;22.46;1006.16;62.82;98977
10:32:9;22.45;1006.16;62.84;98860
10:32:15;22.45;1006.16;62.85;98860
10:32:21;22.44;1006.20;62.88;98977
10:32:27;22.44;1006.22;62.88;98801
10:32:33;22.44;1006.22;62.90;98918
10:32:39;22.43;1006.22;62.92;99686
10:32:45;22.43;1006.24;62.93;99036
10:32:51;22.43;1006.24;62.93;99094
10:32:57;22.43;1006.24;62.95;98277
10:33:3;22.43;1006.24;62.96;98743
10:33:9;22.42;1006.24;62.95;99686
10:33:15;22.42;1006.24;62.95;98684
10:33:21;22.42;1006.26;62.98;98104
10:33:27;22.42;1006.26;62.97;98568
10:33:33;22.41;1006.26;62.97;98393
10:33:39;22.41;1006.26;62.97;98509
10:33:45;22.41;1006.26;62.97;98568
10:33:51;22.41;1006.26;62.97;98626
10:33:57;22.41;1006.26;62.97;98277
10:34:3;22.41;1006.28;62.98;98801
10:34:9;22.41;1006.28;63.00;98918
10:34:15;22.40;1006.28;63.02;98977
10:34:21;22.40;1006.28;63.03;98626
10:34:27;22.40;1006.28;63.02;98626
10:34:33;22.40;1006.28;63.02;98220
10:34:39;22.40;1006.26;63.02;98104
10:34:45;22.40;1006.26;63.02;97989
10:34:52;22.40;1006.26;63.09;96795
10:34:58;22.40;1006.28;63.08;97645
10:35:4;22.40;1006.28;63.06;97817
10:35:10;22.40;1006.28;63.06;98104
10:35:16;22.40;1006.28;63.07;98162
10:35:22;22.40;1006.28;63.05;98046
10:35:28;22.40;1006.28;63.04;98104
10:35:34;22.40;1006.28;63.06;97931
10:35:40;22.39;1006.28;63.04;97817
10:35:46;22.39;1006.28;63.07;98220
10:35:52;22.39;1006.28;63.07;98104
10:35:58;22.39;1006.28;63.06;97931
10:36:4;22.39;1006.28;63.06;98626
10:36:10;22.39;1006.28;63.06;97989
10:36:16;22.39;1006.28;63.06;98046
10:36:22;22.39;1006.28;63.07;97931
10:36:28;22.39;1006.28;63.09;97817
10:36:34;22.38;1006.30;63.09;97931
10:36:40;22.38;1006.28;63.11;97702
10:36:46;22.38;1006.30;63.12;97759
10:36:52;22.38;1006.30;63.12;97588
10:36:58;22.38;1006.28;63.12;97531
10:37:4;22.37;1006.30;63.12;97531
10:37:10;22.37;1006.30;63.14;97645
10:37:16;22.37;1006.30;63.14;97817
10:37:22;22.37;1006.30;63.15;97531
10:37:28;22.37;1006.30;63.17;97759
10:37:34;22.37;1006.30;63.15;97645
10:37:40;22.37;1006.30;63.16;97360
10:37:46;22.36;1006.30;63.17;97874
10:37:52;22.36;1006.30;63.15;97817
10:37:58;22.36;1006.30;63.18;97417
10:38:4;22.35;1006.32;63.19;97474
10:38:10;22.35;1006.32;63.22;97874
10:38:16;22.35;1006.32;63.22;97817
10:38:22;22.35;1006.32;63.25;97417
10:38:28;22.35;1006.32;63.25;97360
10:38:34;22.34;1006.32;63.24;97702
10:38:40;22.34;1006.32;63.24;97360
10:38:46;22.34;1006.32;63.25;97759
10:38:52;22.34;1006.32;63.27;97417
10:38:58;22.34;1006.32;63.26;97417
10:39:4;22.34;1006.32;63.27;97360
10:39:10;22.34;1006.32;63.27;97360
10:39:16;22.33;1006.32;63.26;96964
10:39:22;22.33;1006.32;63.28;97417
10:39:28;22.33;1006.34;63.28;97417
10:39:34;22.33;1006.32;63.28;97360
10:39:40;22.33;1006.32;63.28;96964
10:39:46;22.33;1006.32;63.28;97133
10:39:52;22.33;1006.32;63.28;97133
10:39:58;22.33;1006.32;63.28;96908
10:40:4;22.33;1006.32;63.27;97020
10:40:10;22.33;1006.32;63.28;96964
10:40:16;22.33;1006.32;63.28;97133
10:40:22;22.32;1006.32;63.31;96908
10:40:28;22.32;1006.32;63.31;96851
10:40:34;22.32;1006.32;63.32;97077
10:40:40;22.32;1006.32;63.33;96627
10:40:46;22.32;1006.34;63.34;96627
10:40:52;22.32;1006.34;63.34;97133
10:40:58;22.31;1006.34;63.35;96795
10:41:4;22.31;1006.34;63.36;97474
10:41:10;22.31;1006.36;63.35;96404
10:41:16;22.31;1006.36;63.39;96964
10:41:22;22.31;1006.36;63.37;96627
10:41:28;22.30;1006.36;63.38;96348
10:41:34;22.30;1006.36;63.39;96404
10:41:40;22.30;1006.34;63.39;96571
10:41:46;22.30;1006.36;63.40;96627
10:41:52;22.30;1006.36;63.39;96683
10:41:58;22.30;1006.34;63.39;96627
10:42:4;22.30;1006.34;63.39;96293
10:42:10;22.30;1006.34;63.39;96126
10:42:16;22.30;1006.36;63.39;96237
10:42:22;22.30;1006.36;63.41;96460
10:42:28;22.30;1006.36;63.41;96182
10:42:34;22.29;1006.36;63.40;96126
10:42:40;22.29;1006.36;63.41;96348
10:42:46;22.29;1006.36;63.43;96071
10:42:52;22.29;1006.36;63.44;96571
10:42:58;22.29;1006.36;63.45;95960
10:43:4;22.29;1006.34;63.44;96182
10:43:10;22.29;1006.36;63.44;95905
10:43:16;22.29;1006.34;63.45;96237
10:43:22;22.29;1006.36;63.44;96182
10:43:28;22.29;1006.36;63.44;95795
10:43:34;22.29;1006.36;63.44;96016
10:43:40;22.28;1006.36;63.44;96071
10:43:46;22.28;1006.36;63.45;96126
10:43:52;22.28;1006.36;63.44;96016
10:43:58;22.28;1006.36;63.46;95795
10:44:4;22.28;1006.36;63.46;96237
10:44:10;22.28;1006.34;63.47;95850
10:44:16;22.28;1006.34;63.47;95630
10:44:22;22.27;1006.36;63.49;96071
10:44:28;22.27;1006.37;63.49;96016
10:44:34;22.27;1006.37;63.50;95685
10:44:40;22.27;1006.37;63.50;96126
10:44:46;22.27;1006.37;63.49;95795
10:44:52;22.27;1006.37;63.50;95740
10:44:58;22.27;1006.37;63.51;96126
10:45:4;22.27;1006.37;63.49;95303
10:45:10;22.27;1006.37;63.48;95685
10:45:17;22.27;1006.37;63.51;95630
10:45:23;22.27;1006.37;63.51;95740
10:45:29;22.27;1006.37;63.50;95576
10:45:35;22.27;1006.37;63.51;95576
10:45:41;22.27;1006.37;63.51;95140
10:45:47;22.27;1006.37;63.53;95630
10:45:53;22.26;1006.37;63.54;95412
10:45:59;22.26;1006.37;63.56;95466
10:46:5;22.26;1006.37;63.56;95412
10:46:11;22.26;1006.37;63.56;95521
10:46:17;22.25;1006.39;63.59;95685
10:46:23;22.25;1006.39;63.58;95248
10:46:29;22.25;1006.39;63.59;95140
10:46:35;22.25;1006.39;63.61;95248
10:46:41;22.24;1006.39;63.63;95357
10:46:47;22.24;1006.43;63.64;94761
10:46:53;22.24;1006.43;63.65;95576
10:46:59;22.24;1006.43;63.66;95303
10:47:5;22.23;1006.43;63.65;95194
10:47:11;22.23;1006.43;63.66;95248
10:47:17;22.23;1006.43;63.66;95248
10:47:23;22.23;1006.43;63.68;95031
10:47:29;22.23;1006.43;63.65;95248
10:47:35;22.23;1006.43;63.66;94869
10:47:41;22.23;1006.43;63.69;94977
10:47:47;22.23;1006.43;63.68;95085
10:47:53;22.23;1006.43;63.69;94977
10:47:59;22.23;1006.43;63.70;94654
10:48:5;22.23;1006.45;63.68;94761
10:48:11;22.23;1006.45;63.70;95194
10:48:17;22.23;1006.45;63.68;94761
10:48:23;22.23;1006.45;63.69;95031
10:48:29;22.23;1006.45;63.70;94654
10:48:35;22.22;1006.45;63.71;94654
10:48:41;22.22;1006.45;63.73;94761
10:48:47;22.22;1006.45;63.72;94815
10:48:53;22.22;1006.45;63.72;94386
10:48:59;22.22;1006.43;63.74;95357
10:49:5;22.21;1006.43;63.74;95650
10:49:11;22.21;1006.43;63.74;95870
10:49:17;22.21;1006.43;63.75;94440
10:49:23;22.21;1006.43;63.76;94440
10:49:29;22.21;1006.43;63.77;94493
10:49:35;22.21;1006.43;63.76;95760
10:49:41;22.21;1006.45;63.78;94600
10:49:47;22.20;1006.45;63.78;94708
10:49:53;22.20;1006.45;63.77;94923
10:49:59;22.20;1006.45;63.76;94440
10:50:5;22.20;1006.45;63.76;95870
10:50:11;22.20;1006.45;63.76;95870
10:50:17;22.20;1006.45;63.76;94708
10:50:23;22.20;1006.45;63.76;94547
10:50:29;22.20;1006.43;63.78;95870
10:50:35;22.19;1006.43;63.78;95650
10:50:41;22.19;1006.43;63.79;95870
10:50:47;22.19;1006.45;63.79;95870
10:50:53;22.19;1006.45;63.80;95431
10:50:59;22.19;1006.45;63.81;95760
10:51:5;22.19;1006.45;63.81;95870
10:51:11;22.19;1006.45;63.81;95541
10:51:17;22.19;1006.45;63.80;95541
10:51:23;22.19;1006.45;63.81;95322
10:51:29;22.19;1006.45;63.82;95870
10:51:35;22.19;1006.45;63.83;95870
10:51:41;22.19;1006.45;63.83;95431
10:51:47;22.19;1006.45;63.81;95650
10:51:53;22.19;1006.45;63.82;95650
10:51:59;22.19;1006.45;63.83;94997
10:52:5;22.18;1006.45;63.83;95322
10:52:11;22.18;1006.45;63.84;95541
10:52:17;22.18;1006.45;63.87;95760
10:52:23;22.18;1006.47;63.88;95541
10:52:29;22.18;1006.45;63.89;95322
10:52:35;22.17;1006.45;63.87;95322
10:52:41;22.17;1006.47;63.87;95105
10:52:47;22.17;1006.47;63.89;95214
10:52:53;22.17;1006.47;63.85;95214
10:52:59;22.17;1006.47;63.87;95322
10:53:5;22.17;1006.47;63.90;95431
10:53:11;22.17;1006.47;63.91;95431
10:53:17;22.17;1006.47;63.91;94889
10:53:23;22.17;1006.47;63.91;95214
10:53:29;22.17;1006.47;63.89;95322
10:53:35;22.17;1006.47;63.89;94781
10:53:41;22.17;1006.47;63.89;95214
10:53:47;22.17;1006.47;63.89;95214
10:53:53;22.16;1006.47;63.89;94997
10:53:59;22.16;1006.47;63.91;94889
10:54:5;22.16;1006.49;63.91;95214
10:54:11;22.16;1006.49;63.91;95322
10:54:17;22.16;1006.49;63.91;94566
10:54:23;22.16;1006.49;63.91;94781
10:54:29;22.16;1006.49;63.91;94997
10:54:35;22.16;1006.49;63.91;95214
10:54:41;22.16;1006.49;63.91;94673
10:54:47;22.16;1006.49;63.93;94673
10:54:53;22.16;1006.49;63.93;94352
10:54:59;22.16;1006.49;63.93;95105
10:55:5;22.15;1006.49;63.93;94997
10:55:11;22.15;1006.49;63.94;94889
10:55:17;22.15;1006.51;63.93;94352
10:55:23;22.15;1006.51;63.95;94889
10:55:29;22.15;1006.51;63.95;94673
10:55:35;22.15;1006.51;63.97;94997
10:55:41;22.15;1006.53;63.95;94781
10:55:47;22.14;1006.51;63.96;94997
10:55:53;22.14;1006.51;63.96;95105
10:55:59;22.14;1006.53;63.97;94673
10:56:5;22.14;1006.53;63.97;94459
10:56:11;22.14;1006.53;63.98;94352
10:56:17;22.14;1006.53;63.98;94352
10:56:23;22.14;1006.53;63.97;94673
10:56:29;22.14;1006.53;63.98;94033
10:56:35;22.14;1006.53;63.96;94352
10:56:41;22.14;1006.53;63.97;94673
10:56:47;22.14;1006.55;63.98;94352
10:56:53;22.14;1006.55;63.98;94459
10:56:59;22.14;1006.55;64.00;94673
10:57:5;22.13;1006.55;64.00;94459
10:57:11;22.14;1006.55;64.01;94033
10:57:17;22.13;1006.55;64.00;94352
10:57:23;22.13;1006.55;64.01;94459
10:57:29;22.13;1006.55;64.01;94781
10:57:35;22.13;1006.55;64.01;94246
10:57:41;22.13;1006.55;64.03;94459
10:57:47;22.13;1006.57;64.02;94246
10:57:53;22.13;1006.57;64.02;94246
10:57:59;22.13;1006.57;64.02;94352
10:58:5;22.13;1006.57;64.03;94246
10:58:11;22.13;1006.57;64.04;94139
10:58:17;22.13;1006.57;64.03;94246
10:58:23;22.13;1006.57;64.00;94459
10:58:29;22.13;1006.57;64.02;94033
10:58:35;22.13;1006.57;64.01;94139
10:58:41;22.12;1006.57;64.03;94033
10:58:47;22.12;1006.59;64.05;93822
10:58:53;22.12;1006.57;64.05;94139
10:58:59;22.12;1006.57;64.05;93611
10:59:5;22.12;1006.59;64.08;94033
10:59:11;22.12;1006.59;64.09;94033
10:59:17;22.12;1006.61;64.09;94246
10:59:23;22.11;1006.59;64.08;94139
10:59:29;22.11;1006.61;64.10;93506
10:59:35;22.11;1006.59;64.08;93506
10:59:41;22.11;1006.61;64.08;93716
10:59:47;22.11;1006.61;64.08;93927
10:59:53;22.11;1006.61;64.09;94033
10:59:59;22.11;1006.61;64.10;93822
11:0:5;22.11;1006.61;64.10;93822
11:0:11;22.11;1006.61;64.10;94033
11:0:17;22.11;1006.61;64.10;93716
11:0:23;22.11;1006.61;64.11;93927
11:0:29;22.11;1006.61;64.11;93506
11:0:35;22.11;1006.61;64.11;94033
11:0:41;22.10;1006.59;64.11;93716
11:0:47;22.10;1006.61;64.13;93927
11:0:53;22.10;1006.61;64.14;93506
11:0:59;22.10;1006.61;64.15;93506
11:1:5;22.10;1006.61;64.17;93402
11:1:11;22.10;1006.61;64.15;93193
11:1:17;22.10;1006.61;64.15;93822
11:1:23;22.10;1006.61;64.17;93927
11:1:29;22.10;1006.61;64.17;93193
11:1:35;22.09;1006.61;64.18;93716
11:1:41;22.09;1006.61;64.17;93822
11:1:47;22.09;1006.61;64.18;93927
11:1:53;22.09;1006.61;64.18;93611
11:1:59;22.09;1006.61;64.19;93506
11:2:5;22.09;1006.61;64.19;93611
11:2:11;22.09;1006.61;64.19;93402
11:2:17;22.09;1006.63;64.18;93089
11:2:23;22.09;1006.63;64.19;93297
11:2:29;22.08;1006.63;64.22;93402
11:2:35;22.08;1006.63;64.23;93402
11:2:41;22.08;1006.63;64.20;93402
11:2:47;22.08;1006.63;64.21;93089
11:2:53;22.08;1006.63;64.22;93611
11:2:59;22.08;1006.63;64.22;92985
11:3:5;22.08;1006.63;64.22;93506
11:3:11;22.07;1006.63;64.23;93297
11:3:17;22.07;1006.61;64.23;93297
11:3:23;22.07;1006.61;64.23;92985
11:3:29;22.07;1006.61;64.23;93297
11:3:35;22.07;1006.61;64.25;93089
11:3:41;22.08;1006.61;64.25;93297
11:3:47;22.07;1006.61;64.25;93506
11:3:53;22.07;1006.61;64.25;92985
11:3:59;22.07;1006.63;64.26;92985
11:4:5;22.07;1006.63;64.27;92778
11:4:11;22.07;1006.63;64.29;92675
11:4:17;22.07;1006.63;64.29;92882
11:4:23;22.06;1006.63;64.29;92573
11:4:29;22.06;1006.63;64.27;92778
11:4:35;22.06;1006.63;64.27;93297
11:4:41;22.06;1006.63;64.27;93089
11:4:47;22.06;1006.63;64.27;92573
11:4:53;22.06;1006.61;64.28;92882
11:4:59;22.06;1006.61;64.29;92675
11:5:5;22.06;1006.61;64.29;93193
11:5:11;22.06;1006.61;64.29;92882
11:5:17;22.06;1006.61;64.31;92985
11:5:23;22.06;1006.63;64.29;93297
11:5:29;22.06;1006.63;64.31;92778
11:5:35;22.06;1006.63;64.31;92882
11:5:41;22.06;1006.63;64.32;92675
11:5:47;22.05;1006.63;64.33;92985
11:5:53;22.05;1006.65;64.33;92368
11:5:59;22.05;1006.67;64.31;92985
11:6:5;22.05;1006.65;64.33;92573
11:6:11;22.05;1006.63;64.33;93089
11:6:17;22.05;1006.63;64.33;92573
11:6:23;22.05;1006.63;64.32;92985
11:6:29;22.05;1006.63;64.33;92985
11:6:35;22.05;1006.63;64.33;92882
11:6:41;22.05;1006.63;64.33;92573
11:6:47;22.05;1006.63;64.34;92675
11:6:53;22.05;1006.63;64.34;92778
11:6:59;22.05;1006.63;64.33;92985
11:7:5;22.05;1006.63;64.35;92573
11:7:11;22.05;1006.63;64.33;92164
11:7:17;22.04;1006.63;64.33;92985
11:7:23;22.04;1006.63;64.34;92368
11:7:29;22.04;1006.63;64.32;92368
11:7:35;22.04;1006.63;64.32;92573
11:7:41;22.04;1006.63;64.30;92573
11:7:47;22.04;1006.63;64.31;92985
11:7:53;22.04;1006.63;64.31;92265
11:7:59;22.05;1006.63;64.31;92675
11:8:5;22.04;1006.63;64.33;92368
11:8:11;22.04;1006.63;64.33;92265
11:8:17;22.04;1006.63;64.34;92164
11:8:23;22.04;1006.61;64.35;92062
11:8:29;22.04;1006.63;64.36;92265
11:8:35;22.04;1006.63;64.36;92062
11:8:41;22.04;1006.63;64.35;92062
11:8:47;22.03;1006.63;64.37;92368
11:8:53;22.03;1006.63;64.38;92573
11:8:59;22.03;1006.63;64.39;92062
11:9:5;22.03;1006.63;64.39;92164
11:9:11;22.03;1006.63;64.39;92265
11:9:17;22.03;1006.63;64.38;92470
11:9:23;22.03;1006.63;64.40;92470
11:9:29;22.03;1006.63;64.40;92470
11:9:35;22.03;1006.65;64.41;92164
11:9:41;22.02;1006.65;64.39;92470
11:9:47;22.02;1006.63;64.40;92368
11:9:53;22.02;1006.65;64.40;91758
11:9:59;22.02;1006.63;64.41;91960
11:10:5;22.02;1006.63;64.41;92265
11:10:11;22.02;1006.63;64.41;92164
11:10:17;22.02;1006.63;64.41;92265
11:10:23;22.02;1006.63;64.41;91758
11:10:29;22.02;1006.63;64.42;92164
11:10:35;22.02;1006.63;64.44;92164
11:10:41;22.02;1006.63;64.43;91960
11:10:47;22.01;1006.63;64.44;92164
11:10:53;22.01;1006.63;64.44;92164
11:10:59;22.01;1006.65;64.46;92265
11:11:5;22.01;1006.65;64.46;91960
11:11:11;22.01;1006.63;64.46;91557
11:11:17;22.01;1006.63;64.47;91758
11:11:23;22.01;1006.65;64.46;91960
11:11:29;22.01;1006.65;64.47;92265
11:11:35;22.01;1006.63;64.46;91960
11:11:41;22.01;1006.63;64.46;92164
11:11:47;22.01;1006.65;64.46;92164
11:11:53;22.01;1006.65;64.46;91758
11:11:59;22.01;1006.63;64.46;91657
11:12:5;22.01;1006.63;64.46;91859
11:12:11;22.01;1006.63;64.46;92265
11:12:17;22.01;1006.63;64.45;91356
11:12:23;22.01;1006.63;64.46;92062
11:12:29;22.01;1006.63;64.47;92062
11:12:35;22.01;1006.63;64.48;91557
11:12:41;22.00;1006.63;64.47;91657
11:12:47;22.00;1006.63;64.50;91960
11:12:53;22.00;1006.63;64.50;92164
11:12:59;22.00;1006.63;64.50;91758
11:13:5;22.00;1006.63;64.49;91456
11:13:11;22.00;1006.63;64.49;92164
11:13:17;22.00;1006.65;64.49;91758
11:13:23;22.00;1006.65;64.51;91557
11:13:29;22.00;1006.65;64.51;91557
11:13:35;21.99;1006.65;64.50;91657
11:13:41;21.99;1006.63;64.50;91256
11:13:47;21.99;1006.65;64.51;91456
11:13:53;21.99;1006.63;64.52;91557
11:14:0;21.99;1006.63;64.51;91758
11:14:6;21.99;1006.63;64.52;91657
11:14:12;21.99;1006.63;64.54;91557
11:14:18;21.99;1006.65;64.56;90958
11:14:24;21.99;1006.65;64.57;91356
11:14:30;21.98;1006.65;64.57;91057
11:14:36;21.98;1006.63;64.59;91859
11:14:42;21.98;1006.65;64.56;91356
11:14:48;21.98;1006.65;64.57;91557
11:14:54;21.98;1006.65;64.59;91356
11:15:0;21.98;1006.65;64.57;91057
11:15:6;21.98;1006.65;64.57;91157
11:15:12;21.98;1006.65;64.56;91456
11:15:18;21.98;1006.65;64.56;91356
11:15:24;21.98;1006.65;64.55;91256
11:15:30;21.98;1006.63;64.55;91057
11:15:36;21.98;1006.65;64.56;91456
11:15:42;21.98;1006.65;64.55;91557
11:15:48;21.98;1006.63;64.55;91256
11:15:54;21.98;1006.65;64.54;91758
11:16:0;21.98;1006.63;64.56;91157
11:16:6;21.98;1006.63;64.56;91456
11:16:12;21.98;1006.63;64.56;91157
11:16:18;21.98;1006.61;64.56;91157
11:16:24;21.98;1006.61;64.56;90859
11:16:30;21.98;1006.61;64.57;91057
11:16:36;21.98;1006.61;64.58;91157
11:16:42;21.98;1006.61;64.58;91356
11:16:48;21.98;1006.61;64.60;91456
11:16:54;21.98;1006.61;64.58;91356
11:17:0;21.98;1006.61;64.57;91657
11:17:6;21.97;1006.61;64.58;90859
11:17:12;21.97;1006.61;64.59;91256
11:17:18;21.97;1006.61;64.60;90958
11:17:24;21.97;1006.61;64.61;91157
11:17:30;21.97;1006.63;64.59;91256
11:17:36;21.97;1006.61;64.61;90760
11:17:42;21.97;1006.61;64.62;90465
11:17:48;21.97;1006.61;64.61;90661
11:17:54;21.97;1006.61;64.61;90661
11:18:0;21.97;1006.61;64.60;90760
11:18:6;21.97;1006.61;64.60;91157
11:18:12;21.97;1006.61;64.61;90661
11:18:18;21.97;1006.61;64.61;90859
11:18:24;21.97;1006.61;64.60;90661
11:18:30;21.97;1006.61;64.60;90760
11:18:36;21.96;1006.61;64.61;90760
11:18:42;21.96;1006.61;64.62;91256
11:18:48;21.96;1006.61;64.64;91256
11:18:54;21.96;1006.61;64.63;90661
11:19:0;21.96;1006.61;64.63;90760
11:19:6;21.96;1006.61;64.62;90563
11:19:12;21.96;1006.61;64.62;90661
11:19:18;21.96;1006.61;64.62;90760
11:19:24;21.96;1006.61;64.61;90859
11:19:30;21.96;1006.61;64.60;90859
11:19:36;21.96;1006.59;64.61;90760
11:19:42;21.96;1006.59;64.61;90367
11:19:48;21.96;1006.59;64.63;90563
11:19:54;21.96;1006.59;64.62;90661
11:20:0;21.96;1006.59;64.64;90563
11:20:6;21.96;1006.59;64.65;90269
11:20:12;21.96;1006.59;64.65;90563
11:20:18;21.95;1006.59;64.66;90760
11:20:24;21.95;1006.59;64.68;90760
11:20:30;21.95;1006.59;64.65;90563
11:20:36;21.95;1006.61;64.67;90661
11:20:42;21.95;1006.61;64.68;90661
11:20:48;21.95;1006.61;64.68;90563
11:20:54;21.95;1006.61;64.70;90859
11:21:0;21.95;1006.61;64.70;90760
11:21:6;21.95;1006.61;64.68;90563
11:21:12;21.95;1006.61;64.69;90661
11:21:18;21.94;1006.61;64.71;90661
11:21:24;21.94;1006.63;64.70;90465
11:21:30;21.94;1006.63;64.68;90760
11:21:36;21.94;1006.63;64.69;90465
11:21:42;21.94;1006.63;64.70;90760
11:21:48;21.94;1006.63;64.68;90958
11:21:54;21.94;1006.63;64.70;90172
11:22:0;21.94;1006.63;64.70;90465
11:22:6;21.94;1006.63;64.70;90760
11:22:12;21.94;1006.65;64.71;90859
11:22:18;21.93;1006.65;64.73;90367
11:22:24;21.93;1006.65;64.72;90563
11:22:30;21.93;1006.65;64.74;90269
11:22:36;21.93;1006.63;64.72;90465
11:22:42;21.93;1006.63;64.72;90172
11:22:48;21.93;1006.63;64.72;90172
11:22:54;21.93;1006.65;64.75;90074
11:23:0;21.93;1006.65;64.74;90465
11:23:6;21.93;1006.65;64.75;89977
11:23:12;21.93;1006.65;64.75;90269
11:23:18;21.93;1006.65;64.75;90563
11:23:24;21.93;1006.67;64.74;90172
11:23:30;21.93;1006.67;64.75;90269
11:23:36;21.93;1006.67;64.74;90074
11:23:42;21.93;1006.67;64.74;90563
11:23:48;21.93;1006.67;64.75;90661
11:23:54;21.93;1006.65;64.74;90074
11:24:0;21.93;1006.65;64.74;89977
11:24:6;21.93;1006.65;64.74;90269
11:24:12;21.93;1006.65;64.73;89880
11:24:18;21.93;1006.65;64.72;90367
11:24:24;21.93;1006.65;64.72;90563
11:24:30;21.93;1006.65;64.73;90367
11:24:36;21.93;1006.65;64.74;90074
11:24:42;21.93;1006.65;64.72;90172
11:24:48;21.93;1006.65;64.73;90269
11:24:54;21.93;1006.67;64.73;89783
11:25:0;21.93;1006.67;64.74;90172
11:25:6;21.92;1006.67;64.75;89977
11:25:12;21.92;1006.67;64.75;90172
11:25:18;21.92;1006.67;64.76;89977
11:25:24;21.92;1006.67;64.77;90172
11:25:30;21.92;1006.67;64.76;89977
11:25:36;21.92;1006.67;64.77;90269
11:25:42;21.91;1006.67;64.76;90269
11:25:48;21.91;1006.67;64.80;90074
11:25:54;21.91;1006.69;64.79;89977
11:26:0;21.91;1006.69;64.79;89977
11:26:6;21.91;1006.69;64.79;89977
11:26:12;21.91;1006.69;64.80;90074
11:26:18;21.91;1006.69;64.82;90172
11:26:24;21.91;1006.69;64.83;89687
11:26:30;21.91;1006.69;64.83;89977
11:26:36;21.91;1006.69;64.81;89399
11:26:42;21.91;1006.69;64.83;89591
11:26:48;21.91;1006.69;64.82;89783
11:26:54;21.91;1006.69;64.82;89880
11:27:0;21.91;1006.67;64.82;89687
11:27:6;21.91;1006.67;64.82;89399
11:27:12;21.91;1006.67;64.84;89494
11:27:18;21.91;1006.67;64.83;89591
11:27:24;21.91;1006.67;64.85;89591
11:27:30;21.91;1006.67;64.84;90074
11:27:36;21.91;1006.69;64.84;89687
11:27:42;21.91;1006.67;64.86;89687
11:27:48;21.91;1006.67;64.84;89112
11:27:54;21.91;1006.67;64.85;89494
11:28:0;21.91;1006.67;64.86;90074
11:28:6;21.91;1006.67;64.85;89494
11:28:12;21.91;1006.67;64.88;89303
11:28:18;21.91;1006.67;64.87;89591
11:28:24;21.90;1006.67;64.87;89303
11:28:30;21.91;1006.69;64.86;89687
11:28:36;21.91;1006.69;64.84;89207
11:28:42;21.90;1006.67;64.85;89399
11:28:48;21.90;1006.67;64.88;89591
11:28:54;21.90;1006.67;64.88;89303
11:29:0;21.90;1006.67;64.87;89494
11:29:6;21.90;1006.67;64.89;89399
11:29:12;21.90;1006.67;64.88;89207
11:29:18;21.90;1006.67;64.90;89783
11:29:24;21.90;1006.67;64.90;89591
11:29:30;21.90;1006.67;64.89;89977
11:29:36;21.90;1006.67;64.89;89303
11:29:42;21.90;1006.67;64.89;89591
11:29:48;21.90;1006.67;64.88;89494
11:29:54;21.90;1006.67;64.88;89399
11:30:0;21.90;1006.67;64.88;89112
11:30:6;21.90;1006.67;64.89;89783
11:30:12;21.90;1006.67;64.88;89207
11:30:18;21.90;1006.67;64.87;89494
11:30:24;21.90;1006.69;64.88;89207
11:30:30;21.90;1006.69;64.89;89303
11:30:36;21.89;1006.69;64.88;89399
11:30:42;21.89;1006.69;64.89;89207
11:30:48;21.89;1006.69;64.90;89591
11:30:54;21.89;1006.69;64.91;89399
11:31:0;21.89;1006.69;64.90;89399
11:31:6;21.88;1006.69;64.91;89017
11:31:12;21.88;1006.69;64.92;88828
11:31:18;21.88;1006.69;64.92;89303
11:31:24;21.88;1006.69;64.92;89303
11:31:30;21.88;1006.69;64.90;88922
11:31:36;21.88;1006.71;64.89;89977
11:31:42;21.88;1006.71;64.89;89399
11:31:48;21.88;1006.71;64.87;89112
11:31:54;21.88;1006.69;64.87;89687
11:32:0;21.88;1006.69;64.88;89399
11:32:6;21.88;1006.69;64.89;89207
11:32:12;21.88;1006.69;64.89;89591
11:32:18;21.88;1006.69;64.90;89207
11:32:24;21.88;1006.69;64.91;89207
11:32:30;21.88;1006.69;64.92;88733
11:32:36;21.88;1006.69;64.93;89399
11:32:42;21.88;1006.69;64.96;89112
11:32:48;21.88;1006.69;64.95;89303
11:32:54;21.87;1006.71;64.95;89017
11:33:0;21.87;1006.71;64.97;89399
11:33:6;21.87;1006.71;64.96;89207
11:33:12;21.87;1006.71;64.96;89207
11:33:18;21.87;1006.73;64.96;88828
11:33:24;21.86;1006.73;64.95;89112
11:33:30;21.86;1006.73;64.96;89399
11:33:36;21.86;1006.71;64.96;88828
11:33:42;21.86;1006.71;64.96;89017
11:33:48;21.86;1006.71;64.98;89591
11:33:54;21.86;1006.71;64.98;89017
11:34:0;21.85;1006.71;65.00;89303
11:34:6;21.85;1006.73;65.00;88922
11:34:12;21.85;1006.73;65.00;89207
11:34:18;21.85;1006.73;65.02;89017
11:34:24;21.85;1006.73;65.02;89399
11:34:30;21.85;1006.73;65.02;89494
11:34:36;21.85;1006.73;65.02;89303
11:34:42;21.85;1006.73;65.02;88828
11:34:48;21.85;1006.73;65.02;89399
11:34:54;21.85;1006.73;65.01;88922
11:35:0;21.85;1006.73;65.00;88922
11:35:6;21.85;1006.73;64.98;89591
11:35:12;21.86;1006.71;64.97;88828
11:35:18;21.86;1006.71;64.97;89017
11:35:24;21.87;1006.71;64.95;88828
11:35:30;21.87;1006.69;64.95;88639
11:35:36;21.87;1006.69;64.94;89017
11:35:42;21.87;1006.69;64.94;89207
11:35:48;21.87;1006.71;64.95;89112
11:35:54;21.87;1006.69;64.94;88733
11:36:0;21.87;1006.69;64.93;89017
11:36:6;21.87;1006.69;64.93;88733
11:36:12;21.87;1006.69;64.94;89207
11:36:18;21.88;1006.65;64.92;88639
11:36:24;21.88;1006.65;64.92;89017
11:36:30;21.88;1006.65;64.90;89017
11:36:36;21.88;1006.63;64.90;88545
11:36:42;21.88;1006.63;64.89;88828
11:36:48;21.88;1006.63;64.88;88828
11:36:54;21.88;1006.63;64.90;88357
11:37:0;21.88;1006.63;64.89;89017
11:37:6;21.89;1006.63;64.88;88922
11:37:12;21.89;1006.63;64.88;89017
11:37:18;21.89;1006.63;64.86;88545
11:37:24;21.89;1006.63;64.86;88639
11:37:30;21.89;1006.63;64.86;88264
11:37:36;21.89;1006.63;64.84;88639
11:37:42;21.90;1006.63;64.84;88639
11:37:48;21.90;1006.63;64.82;89017
11:37:54;21.90;1006.61;64.82;89399
11:38:0;21.90;1006.61;64.79;88922
11:38:6;21.90;1006.59;64.81;88828
11:38:12;21.90;1006.59;64.80;89207
11:38:18;21.90;1006.59;64.81;88170
11:38:24;21.90;1006.59;64.79;88264
11:38:30;21.90;1006.59;64.80;88828
11:38:36;21.90;1006.59;64.79;88828
11:38:42;21.90;1006.59;64.79;89112
11:38:48;21.90;1006.57;64.78;88639
11:38:54;21.91;1006.57;64.76;88828
11:39:0;21.91;1006.57;64.78;89017
11:39:6;21.91;1006.57;64.75;88639
11:39:12;21.91;1006.57;64.75;88922
11:39:18;21.91;1006.57;64.74;88828
11:39:24;21.91;1006.57;64.74;89112
11:39:30;21.91;1006.55;64.74;88922
11:39:36;21.91;1006.55;64.72;88733
11:39:42;21.92;1006.55;64.74;88922
11:39:48;21.92;1006.55;64.71;89207
11:39:54;21.92;1006.55;64.68;89303
11:40:0;21.92;1006.55;64.68;88828
11:40:6;21.92;1006.55;64.68;88828
11:40:12;21.92;1006.55;64.66;89494
11:40:18;21.92;1006.55;64.64;89880
11:40:24;21.92;1006.53;64.62;90172
11:40:30;21.92;1006.53;64.60;90465
11:40:36;21.92;1006.53;64.55;90661
11:40:42;21.92;1006.53;64.49;90958
11:40:48;21.92;1006.53;64.51;90563
11:40:54;21.92;1006.53;64.55;90172
11:41:0;21.92;1006.53;64.55;89494
11:41:6;21.92;1006.51;64.58;89112
11:41:12;21.92;1006.53;64.60;89399
11:41:18;21.92;1006.51;64.61;89399
11:41:24;21.92;1006.51;64.62;89591
11:41:30;21.92;1006.51;64.60;89494
11:41:36;21.92;1006.51;64.57;90269
11:41:42;21.93;1006.49;64.54;89977
11:41:48;21.93;1006.49;64.53;89783
11:41:54;21.93;1006.49;64.51;90465
11:42:0;21.93;1006.49;64.50;91057
11:42:6;21.93;1006.49;64.50;91557
11:42:12;21.93;1006.49;64.49;91157
11:42:18;21.93;1006.47;64.47;92062
11:42:24;21.93;1006.49;64.42;91859
11:42:30;21.93;1006.47;64.41;92470
11:42:36;21.93;1006.49;64.39;92882
11:42:43;21.93;1006.49;64.35;92985
11:42:49;21.93;1006.49;64.35;93297
11:42:55;21.93;1006.49;64.30;92778
11:43:1;21.93;1006.47;64.30;92882
11:43:7;21.93;1006.47;64.30;91859
11:43:13;21.93;1006.47;64.34;91456
11:43:19;21.93;1006.47;64.35;91557
11:43:25;21.93;1006.47;64.37;91157
11:43:31;21.93;1006.47;64.35;91256
11:43:37;21.93;1006.47;64.29;91657
11:43:43;21.93;1006.47;64.27;91758
11:43:49;21.93;1006.47;64.25;92265
11:43:55;21.93;1006.47;64.24;92164
11:44:1;21.93;1006.47;64.24;92164
11:44:7;21.93;1006.45;64.24;92062
11:44:13;21.93;1006.45;64.22;91960
11:44:19;21.93;1006.45;64.19;92062
11:44:25;21.93;1006.45;64.18;92265
11:44:31;21.93;1006.47;64.20;91960
11:44:37;21.93;1006.45;64.21;91859
11:44:43;21.94;1006.45;64.23;91557
11:44:49;21.94;1006.45;64.24;92062
11:44:55;21.94;1006.45;64.20;92265
11:45:1;21.94;1006.45;64.20;92675
11:45:7;21.94;1006.45;64.17;92368
11:45:13;21.94;1006.45;64.17;93089
11:45:19;21.94;1006.45;64.15;93402
11:45:25;21.94;1006.45;64.12;93402
11:45:31;21.94;1006.47;64.11;93927
11:45:37;21.94;1006.47;64.13;93822
11:45:43;21.94;1006.47;64.12;94033
11:45:49;21.94;1006.45;64.06;95760
11:45:55;21.94;1006.45;63.98;95541
11:46:1;21.94;1006.45;63.97;95431
11:46:7;21.94;1006.45;63.98;95322
11:46:13;21.94;1006.45;63.98;95541
11:46:19;21.94;1006.45;63.97;95870
11:46:25;21.94;1006.45;63.92;94869
11:46:31;21.94;1006.45;63.92;95650
11:46:37;21.94;1006.45;63.92;95431
11:46:43;21.94;1006.45;63.95;95322
11:46:49;21.94;1006.45;63.95;95541
11:46:55;21.94;1006.45;63.95;95650
11:47:1;21.94;1006.45;63.97;95105
11:47:7;21.94;1006.47;63.97;94566
11:47:13;21.94;1006.47;63.98;94566
11:47:19;21.94;1006.45;63.99;93611
11:47:25;21.94;1006.45;64.06;92985
11:47:31;21.94;1006.45;64.12;92675
11:47:37;21.94;1006.45;64.13;92778
11:47:43;21.94;1006.45;64.10;93297
11:47:49;21.95;1006.45;64.10;92573
11:47:55;21.95;1006.43;64.11;92985
11:48:1;21.95;1006.43;64.10;92470
11:48:7;21.95;1006.45;64.09;92675
11:48:13;21.95;1006.45;64.10;92062
11:48:19;21.95;1006.45;64.11;92573
11:48:25;21.95;1006.45;64.12;92985
11:48:31;21.95;1006.43;64.13;92675
11:48:37;21.95;1006.43;64.12;93193
11:48:43;21.95;1006.45;64.12;92778
11:48:49;21.95;1006.45;64.12;92573
11:48:55;21.95;1006.45;64.14;92675
11:49:1;21.95;1006.45;64.14;92882
11:49:7;21.95;1006.45;64.11;92470
11:49:13;21.95;1006.45;64.10;92778
11:49:19;21.95;1006.45;64.10;92985
11:49:25;21.95;1006.45;64.12;92573
11:49:31;21.94;1006.45;64.13;92675
11:49:37;21.94;1006.45;64.15;92675
11:49:43;21.94;1006.45;64.15;92062
11:49:49;21.94;1006.43;64.15;92573
11:49:55;21.94;1006.43;64.17;92470
11:50:1;21.94;1006.43;64.16;92062
11:50:7;21.94;1006.43;64.18;92062
11:50:13;21.95;1006.43;64.18;92164
11:50:19;21.95;1006.43;64.19;91557
11:50:25;21.95;1006.43;64.21;91657
11:50:31;21.95;1006.43;64.23;91657
11:50:37;21.95;1006.43;64.22;91256
11:50:43;21.94;1006.43;64.21;91657
11:50:49;21.95;1006.43;64.21;91657
11:50:55;21.94;1006.43;64.20;91256
11:51:1;21.94;1006.41;64.22;91157
11:51:7;21.95;1006.41;64.23;91057
11:51:13;21.94;1006.41;64.23;92265
11:51:19;21.95;1006.41;64.19;92265
11:51:25;21.95;1006.41;64.14;92265
11:51:31;21.95;1006.41;64.14;92470
11:51:37;21.95;1006.41;64.15;92573
11:51:43;21.95;1006.43;64.15;91758
11:51:49;21.94;1006.43;64.19;91657
11:51:55;21.94;1006.43;64.19;91758
11:52:1;21.94;1006.43;64.19;92062
11:52:7;21.94;1006.43;64.20;91960
11:52:13;21.94;1006.43;64.21;92164
11:52:19;21.94;1006.41;64.22;91960
11:52:25;21.94;1006.41;64.18;92368
11:52:31;21.94;1006.41;64.15;92265
11:52:37;21.94;1006.41;64.14;92470
11:52:43;21.94;1006.41;64.12;92368
11:52:49;21.94;1006.41;64.12;92675
11:52:55;21.94;1006.41;64.10;92778
11:53:1;21.94;1006.41;64.08;93611
11:53:7;21.94;1006.41;64.04;94033
11:53:13;21.94;1006.41;63.99;93822
11:53:19;21.94;1006.41;63.98;93822
11:53:25;21.94;1006.41;64.00;94246
11:53:31;21.94;1006.41;64.00;93611
11:53:37;21.94;1006.41;64.03;93193
11:53:43;21.94;1006.41;64.07;92778
11:53:49;21.94;1006.41;64.11;92062
11:53:55;21.94;1006.41;64.14;91859
11:54:1;21.94;1006.41;64.17;91557
11:54:7;21.94;1006.39;64.19;91758
11:54:13;21.94;1006.41;64.20;91657
11:54:19;21.94;1006.41;64.22;91557
11:54:25;21.94;1006.39;64.21;92062
11:54:31;21.95;1006.39;64.20;92062
11:54:37;21.94;1006.39;64.18;92573
11:54:43;21.94;1006.39;64.19;91960
11:54:49;21.94;1006.39;64.19;92164
11:54:55;21.94;1006.39;64.20;92470
11:55:1;21.94;1006.39;64.19;91960
11:55:7;21.94;1006.39;64.19;92573
11:55:13;21.94;1006.39;64.17;92265
11:55:19;21.94;1006.39;64.15;92882
11:55:25;21.94;1006.39;64.15;93402
11:55:31;21.94;1006.39;64.16;93089
11:55:37;21.94;1006.37;64.18;93506
11:55:43;21.94;1006.37;64.20;92882
11:55:49;21.94;1006.37;64.15;94246
11:55:55;21.94;1006.37;64.07;95105
11:56:1;21.94;1006.37;63.99;95541
11:56:7;21.94;1006.39;63.95;94889
11:56:13;21.94;1006.39;63.97;95541
11:56:19;21.94;1006.39;63.98;94673
11:56:25;21.94;1006.39;64.01;94889
11:56:31;21.94;1006.39;64.03;94352
11:56:37;21.94;1006.39;64.03;94459
11:56:43;21.94;1006.39;64.03;94566
11:56:49;21.94;1006.39;64.03;94139
11:56:55;21.94;1006.39;64.03;94246
11:57:1;21.94;1006.39;64.05;94246
11:57:7;21.94;1006.39;64.05;94352
11:57:13;21.94;1006.39;64.04;94566
11:57:19;21.94;1006.39;64.06;93822
11:57:25;21.94;1006.39;64.11;92778
11:57:31;21.94;1006.39;64.12;93193
11:57:37;21.94;1006.39;64.12;94566
11:57:43;21.94;1006.39;64.10;95431
11:57:49;21.94;1006.39;64.08;95760
11:57:55;21.94;1006.39;64.06;94547
11:58:1;21.94;1006.39;64.05;95650
11:58:7;21.94;1006.39;64.07;95431
11:58:13;21.94;1006.39;64.07;95431
11:58:19;21.94;1006.39;64.08;94781
11:58:25;21.94;1006.39;64.09;94997
11:58:31;21.94;1006.39;64.08;94997
11:58:37;21.94;1006.37;63.99;95650
11:58:43;21.94;1006.37;63.93;94977
11:58:49;21.94;1006.37;63.88;95850
11:58:55;21.94;1006.36;63.87;95140
11:59:2;21.94;1006.37;63.88;95303
11:59:8;21.94;1006.36;63.89;94977
11:59:14;21.94;1006.36;63.92;94869
11:59:20;21.94;1006.36;63.94;95650
11:59:26;21.94;1006.36;63.96;95541
11:59:32;21.94;1006.36;63.97;95431
11:59:38;21.94;1006.36;64.00;95322
11:59:44;21.94;1006.36;63.99;95322
11:59:50;21.94;1006.36;63.98;95431
11:59:56;21.94;1006.34;63.98;94889
12:0:2;21.94;1006.34;63.99;95105
12:0:8;21.94;1006.34;64.00;95322
12:0:14;21.94;1006.34;64.04;95214
12:0:20;21.94;1006.36;64.05;95322
12:0:26;21.94;1006.34;64.03;94997
12:0:32;21.94;1006.36;64.05;95214
12:0:38;21.94;1006.34;64.07;94246
12:0:44;21.94;1006.36;64.09;94352
12:0:50;21.94;1006.36;64.10;94246
12:0:56;21.94;1006.34;64.08;94139
12:1:2;21.94;1006.34;64.10;94459
12:1:8;21.94;1006.34;64.09;93927
12:1:14;21.94;1006.34;64.10;94246
12:1:20;21.94;1006.34;64.09;94352
12:1:26;21.94;1006.34;64.10;93927
12:1:32;21.94;1006.34;64.11;93716
12:1:38;21.94;1006.34;64.14;93927
12:1:44;21.94;1006.34;64.15;94033
12:1:50;21.94;1006.34;64.18;93927
12:1:56;21.94;1006.34;64.18;93927
12:2:2;21.94;1006.34;64.17;93927
12:2:8;21.94;1006.34;64.18;94246
12:2:14;21.94;1006.34;64.19;93506
12:2:20;21.94;1006.34;64.21;93716
12:2:26;21.94;1006.32;64.22;93822
12:2:32;21.94;1006.32;64.23;93611
12:2:38;21.94;1006.32;64.22;93822
12:2:44;21.94;1006.32;64.23;93716
12:2:50;21.94;1006.32;64.23;94352
12:2:56;21.94;1006.32;64.25;94139
12:3:2;21.94;1006.32;64.25;93716
12:3:8;21.94;1006.32;64.24;93822
12:3:14;21.94;1006.32;64.24;93402
12:3:20;21.94;1006.30;64.26;93716
12:3:26;21.94;1006.30;64.26;93716
12:3:32;21.94;1006.30;64.28;93193
12:3:38;21.94;1006.30;64.27;92985
12:3:44;21.94;1006.30;64.30;92985
12:3:50;21.94;1006.30;64.31;93193
12:3:56;21.94;1006.30;64.29;93506
12:4:2;21.94;1006.30;64.28;93089
12:4:8;21.94;1006.30;64.27;93506
12:4:14;21.94;1006.30;64.20;94352
12:4:20;21.94;1006.30;64.17;94673
12:4:26;21.94;1006.30;64.16;94246
12:4:32;21.94;1006.30;64.16;94352
12:4:38;21.94;1006.30;64.14;94889
12:4:44;21.94;1006.28;64.13;95214
12:4:50;21.93;1006.28;64.12;95541
12:4:56;21.93;1006.28;64.11;95322
12:5:2;21.93;1006.28;64.13;94673
12:5:8;21.93;1006.28;64.16;94352
12:5:14;21.93;1006.28;64.17;94566
12:5:20;21.93;1006.28;64.17;94459
12:5:26;21.93;1006.28;64.18;94352
12:5:32;21.93;1006.26;64.20;93822
12:5:38;21.93;1006.26;64.22;93822
12:5:44;21.93;1006.26;64.22;93927
12:5:50;21.93;1006.26;64.23;93402
12:5:56;21.93;1006.26;64.26;93297
12:6:2;21.93;1006.26;64.27;93506
12:6:8;21.93;1006.26;64.27;93193
12:6:14;21.93;1006.26;64.28;92778
12:6:20;21.93;1006.26;64.30;92882
12:6:26;21.93;1006.26;64.31;92882
12:6:32;21.93;1006.26;64.31;93402
12:6:38;21.93;1006.26;64.31;93297
12:6:44;21.93;1006.26;64.31;92985
12:6:50;21.93;1006.26;64.31;92368
12:6:56;21.93;1006.26;64.31;92882
12:7:2;21.93;1006.26;64.33;92985
12:7:8;21.93;1006.26;64.31;92368
12:7:14;21.93;1006.26;64.31;92573
12:7:20;21.93;1006.24;64.35;92265
12:7:26;21.93;1006.26;64.37;91960
12:7:32;21.94;1006.26;64.36;91758
12:7:38;21.93;1006.26;64.37;91960
12:7:44;21.93;1006.26;64.37;91456
12:7:50;21.93;1006.26;64.38;91960
12:7:56;21.93;1006.26;64.38;91960
12:8:2;21.93;1006.26;64.37;91960
12:8:8;21.93;1006.26;64.35;91859
12:8:14;21.93;1006.26;64.37;92062
12:8:20;21.93;1006.26;64.37;92573
12:8:26;21.93;1006.26;64.33;93297
12:8:32;21.93;1006.26;64.24;94139
12:8:38;21.93;1006.26;64.16;94781
12:8:44;21.93;1006.26;64.08;95650
12:8:50;21.93;1006.26;64.03;95322
12:8:56;21.93;1006.28;64.02;95760
12:9:2;21.93;1006.28;64.10;94352
12:9:8;21.93;1006.26;64.14;94459
12:9:14;21.93;1006.26;64.10;95105
12:9:20;21.93;1006.26;64.05;95650
12:9:26;21.93;1006.26;64.04;95214
12:9:32;21.93;1006.26;64.05;95214
12:9:38;21.93;1006.26;64.05;94673
12:9:44;21.93;1006.26;64.09;94459
12:9:50;21.93;1006.26;64.15;93611
12:9:56;21.93;1006.26;64.20;93506
12:10:2;21.93;1006.28;64.22;93716
12:10:8;21.93;1006.26;64.25;93822
12:10:14;21.93;1006.26;64.18;94352
12:10:20;21.93;1006.26;64.20;94781
12:10:26;21.93;1006.26;64.17;94997
12:10:32;21.93;1006.26;64.16;94673
12:10:38;21.93;1006.28;64.19;94033
12:10:44;21.93;1006.28;64.25;92985
12:10:50;21.93;1006.28;64.25;93193
12:10:56;21.93;1006.28;64.30;92470
12:11:2;21.93;1006.28;64.30;92265
12:11:8;21.93;1006.28;64.31;92985
12:11:14;21.93;1006.28;64.31;92265
12:11:20;21.93;1006.28;64.31;92164
12:11:26;21.93;1006.28;64.32;91960
12:11:32;21.93;1006.28;64.32;92675
12:11:38;21.93;1006.28;64.33;92265
12:11:44;21.93;1006.28;64.31;92368
12:11:50;21.93;1006.28;64.34;92470
12:11:56;21.93;1006.28;64.32;92470
12:12:2;21.93;1006.28;64.29;92778
12:12:8;21.93;1006.28;64.29;92675
12:12:14;21.93;1006.28;64.27;92882
12:12:20;21.93;1006.28;64.29;93193
12:12:26;21.93;1006.28;64.30;92882
12:12:32;21.93;1006.28;64.29;92882
12:12:38;21.93;1006.28;64.31;92985
12:12:44;21.93;1006.28;64.31;92778
12:12:50;21.93;1006.28;64.30;92470
12:12:56;21.93;1006.28;64.30;92470
12:13:2;21.93;1006.28;64.29;92470
12:13:8;21.93;1006.28;64.29;92675
12:13:14;21.93;1006.28;64.28;92573
12:13:20;21.93;1006.28;64.24;93089
12:13:26;21.93;1006.28;64.24;92778
12:13:32;21.93;1006.28;64.23;92573
12:13:38;21.93;1006.28;64.22;92985
12:13:44;21.93;1006.28;64.21;93716
12:13:50;21.93;1006.28;64.19;93716
12:13:56;21.93;1006.28;64.20;94033
12:14:2;21.93;1006.28;64.21;93716
12:14:8;21.93;1006.28;64.23;93193
12:14:14;21.93;1006.28;64.22;93402
12:14:20;21.93;1006.28;64.23;93611
12:14:26;21.93;1006.28;64.26;93089
12:14:32;21.93;1006.26;64.28;92882
12:14:38;21.93;1006.28;64.27;92882
12:14:44;21.93;1006.28;64.27;92778
12:14:50;21.93;1006.28;64.26;92778
12:14:56;21.93;1006.28;64.26;92675
12:15:2;21.93;1006.28;64.27;92778
12:15:8;21.93;1006.28;64.27;93089
12:15:14;21.93;1006.28;64.28;92778
12:15:20;21.93;1006.28;64.28;92778
12:15:26;21.93;1006.28;64.27;92573
12:15:32;21.93;1006.28;64.27;92882
12:15:38;21.93;1006.28;64.27;92573
12:15:44;21.93;1006.28;64.28;93193
12:15:50;21.93;1006.28;64.29;93402
12:15:56;21.93;1006.28;64.30;92368
12:16:2;21.93;1006.28;64.31;92675
12:16:8;21.93;1006.28;64.33;91557
12:16:14;21.93;1006.28;64.34;91960
12:16:20;21.93;1006.26;64.35;91859
12:16:26;21.93;1006.28;64.33;91960
12:16:32;21.93;1006.28;64.35;91960
12:16:38;21.93;1006.28;64.35;91758
12:16:44;21.93;1006.28;64.37;91960
12:16:50;21.93;1006.28;64.36;91657
12:16:56;21.93;1006.28;64.39;90859
12:17:2;21.93;1006.26;64.40;90958
12:17:8;21.93;1006.26;64.40;91356
12:17:14;21.93;1006.28;64.40;91859
12:17:20;21.93;1006.28;64.39;91657
12:17:26;21.93;1006.26;64.37;91456
12:17:32;21.93;1006.28;64.37;91758
12:17:38;21.93;1006.28;64.35;92062
12:17:44;21.93;1006.28;64.35;92470
12:17:50;21.93;1006.28;64.34;92062
12:17:56;21.93;1006.28;64.35;91960
12:18:2;21.93;1006.28;64.36;91859
12:18:8;21.93;1006.28;64.39;92062
12:18:14;21.93;1006.28;64.37;92675
12:18:20;21.93;1006.28;64.34;92778
12:18:26;21.93;1006.28;64.32;92265
12:18:32;21.93;1006.28;64.35;92062
12:18:38;21.93;1006.28;64.35;92062
12:18:44;21.93;1006.28;64.39;92368
12:18:50;21.93;1006.28;64.39;91456
12:18:56;21.93;1006.28;64.40;91456
12:19:2;21.93;1006.28;64.40;91057
12:19:8;21.93;1006.28;64.42;91356
12:19:14;21.93;1006.28;64.42;91057
12:19:20;21.93;1006.28;64.41;91057
12:19:26;21.93;1006.28;64.41;91057
12:19:32;21.93;1006.28;64.43;90958
12:19:38;21.93;1006.28;64.44;91157
12:19:44;21.93;1006.28;64.44;90661
12:19:50;21.93;1006.28;64.44;90563
12:19:56;21.93;1006.26;64.46;90367
12:20:2;21.93;1006.28;64.48;90172
12:20:8;21.93;1006.28;64.47;90172
12:20:14;21.93;1006.28;64.49;90465
12:20:20;21.93;1006.28;64.48;90563
12:20:26;21.93;1006.28;64.49;90958
12:20:32;21.93;1006.28;64.48;90760
12:20:38;21.93;1006.28;64.48;90563
12:20:44;21.93;1006.28;64.48;90859
12:20:50;21.93;1006.28;64.46;90760
12:20:56;21.93;1006.28;64.41;90958
12:21:2;21.93;1006.26;64.37;91557
12:21:8;21.93;1006.28;64.37;91960
12:21:14;21.92;1006.26;64.36;91657
12:21:20;21.92;1006.26;64.36;91960
12:21:26;21.92;1006.26;64.36;91557
12:21:32;21.93;1006.26;64.36;91758
12:21:38;21.93;1006.26;64.37;91057
12:21:44;21.92;1006.26;64.40;91256
12:21:50;21.92;1006.26;64.40;90958
12:21:56;21.92;1006.28;64.39;90760
12:22:2;21.92;1006.26;64.41;91057
12:22:8;21.92;1006.26;64.35;91960
12:22:14;21.92;1006.26;64.32;91758
12:22:20;21.92;1006.28;64.28;92265
12:22:26;21.92;1006.26;64.25;92573
12:22:32;21.92;1006.26;64.23;92573
12:22:38;21.92;1006.26;64.21;92265
12:22:44;21.93;1006.26;64.19;92882
12:22:50;21.92;1006.28;64.20;92985
12:22:56;21.93;1006.28;64.22;91758
12:23:2;21.93;1006.28;64.25;92164
12:23:8;21.92;1006.26;64.29;91758
12:23:14;21.93;1006.26;64.30;90958
12:23:20;21.93;1006.26;64.30;91456
12:23:26;21.93;1006.26;64.29;91657
12:23:32;21.93;1006.26;64.28;91960
12:23:38;21.93;1006.26;64.22;93297
12:23:44;21.93;1006.28;64.05;94673
12:23:50;21.93;1006.28;63.93;95760
12:23:56;21.93;1006.26;63.90;94889
12:24:2;21.93;1006.26;63.88;95105
12:24:8;21.92;1006.26;63.92;94889
12:24:14;21.93;1006.26;63.95;94566
12:24:20;21.93;1006.26;63.97;94246
12:24:26;21.93;1006.26;64.05;93193
12:24:32;21.92;1006.24;64.24;92164
12:24:38;21.92;1006.24;64.29;92368
12:24:44;21.92;1006.24;64.29;91960
12:24:50;21.93;1006.24;64.31;91859
12:24:56;21.92;1006.24;64.34;92368
12:25:2;21.92;1006.24;64.33;92368
12:25:8;21.92;1006.24;64.28;92675
12:25:14;21.93;1006.24;64.23;92573
12:25:20;21.93;1006.24;64.20;92573
12:25:26;21.93;1006.24;64.20;92778
12:25:32;21.92;1006.24;64.12;94246
12:25:38;21.93;1006.24;63.99;94781
12:25:44;21.92;1006.24;63.94;94566
12:25:50;21.92;1006.24;63.92;94889
12:25:56;21.92;1006.24;63.90;95105
12:26:2;21.92;1006.24;63.90;95431
12:26:8;21.92;1006.24;63.90;94781
12:26:14;21.92;1006.24;63.90;94781
12:26:20;21.92;1006.22;63.91;95431
12:26:26;21.92;1006.22;63.91;94566
12:26:32;21.92;1006.22;63.94;94997
12:26:38;21.92;1006.22;63.97;94246
12:26:44;21.92;1006.22;64.01;94139
12:26:50;21.92;1006.22;64.05;94459
12:26:56;21.92;1006.22;64.04;94459
12:27:2;21.92;1006.22;64.01;94673
12:27:8;21.92;1006.22;64.01;94459
12:27:14;21.92;1006.22;64.01;94033
12:27:20;21.92;1006.20;63.99;94459
12:27:26;21.92;1006.20;63.94;95541
12:27:32;21.92;1006.20;63.90;95431
12:27:38;21.92;1006.20;63.87;95870
12:27:44;21.92;1006.20;63.87;95431
12:27:51;21.92;1006.20;63.86;95760
12:27:57;21.92;1006.20;63.88;95870
12:28:3;21.92;1006.22;63.88;94815
12:28:9;21.92;1006.20;63.86;95140
12:28:15;21.92;1006.20;63.84;94815
12:28:21;21.92;1006.20;63.84;95140
12:28:27;21.92;1006.20;63.81;95630
12:28:33;21.92;1006.20;63.79;95521
12:28:39;21.92;1006.20;63.78;95960
12:28:45;21.92;1006.20;63.77;95630
12:28:51;21.92;1006.20;63.79;95248
12:28:57;21.92;1006.20;63.83;94977
12:29:3;21.92;1006.20;63.84;95248
12:29:9;21.92;1006.20;63.84;94923
12:29:15;21.92;1006.20;63.87;94923
12:29:21;21.92;1006.20;63.84;95248
12:29:27;21.92;1006.22;63.79;96182
12:29:33;21.92;1006.22;63.77;96293
12:29:40;21.92;1006.20;63.84;94033
12:29:46;21.92;1006.20;63.85;94997
12:29:52;21.92;1006.20;63.83;95870
12:29:58;21.92;1006.20;63.77;95303
12:30:4;21.92;1006.20;63.75;95140
12:30:10;21.92;1006.20;63.73;95140
12:30:16;21.92;1006.20;63.75;95685
12:30:22;21.92;1006.20;63.76;95630
12:30:28;21.92;1006.20;63.74;96237
12:30:34;21.92;1006.20;63.72;95960
12:30:40;21.92;1006.20;63.72;96293
12:30:46;21.92;1006.20;63.74;96016
12:30:52;21.92;1006.20;63.77;95140
12:30:58;21.92;1006.20;63.79;94761
12:31:4;21.92;1006.20;63.83;94600
12:31:10;21.92;1006.20;63.86;95760
12:31:16;21.92;1006.20;63.90;94889
12:31:22;21.92;1006.20;63.94;95105
12:31:28;21.92;1006.18;63.96;94673
12:31:34;21.92;1006.18;63.98;94889
12:31:40;21.92;1006.20;63.97;94566
12:31:46;21.92;1006.18;63.99;94246
12:31:52;21.92;1006.18;64.03;93716
12:31:58;21.92;1006.18;64.05;93611
12:32:4;21.92;1006.18;64.08;93716
12:32:10;21.92;1006.18;64.10;93506
12:32:16;21.92;1006.16;64.11;93297
12:32:22;21.92;1006.18;64.10;93297
12:32:28;21.92;1006.18;64.12;93506
12:32:34;21.92;1006.18;64.14;92675
12:32:40;21.92;1006.18;64.15;92164
12:32:46;21.92;1006.18;64.18;91960
12:32:52;21.92;1006.18;64.21;92062
12:32:58;21.92;1006.18;64.21;92062
12:33:4;21.92;1006.18;64.26;91859
12:33:10;21.92;1006.18;64.26;92164
12:33:16;21.92;1006.18;64.28;91859
12:33:22;21.92;1006.18;64.29;91657
12:33:28;21.92;1006.18;64.30;91356
12:33:34;21.92;1006.18;64.30;91157
12:33:40;21.92;1006.18;64.31;91859
12:33:46;21.92;1006.18;64.32;91256
12:33:52;21.92;1006.18;64.32;91256
12:33:58;21.92;1006.18;64.31;90958
12:34:4;21.92;1006.18;64.30;91356
12:34:10;21.92;1006.18;64.32;91456
12:34:16;21.92;1006.16;64.30;91256
12:34:22;21.92;1006.16;64.31;91456
12:34:28;21.92;1006.16;64.31;91960
12:34:34;21.92;1006.16;64.30;91758
12:34:40;21.92;1006.16;64.26;92368
12:34:46;21.92;1006.16;64.23;92368
12:34:52;21.92;1006.16;64.20;91960
12:34:58;21.92;1006.16;64.18;92573
12:35:4;21.92;1006.16;64.19;91758
12:35:10;21.92;1006.16;64.20;92573
12:35:16;21.92;1006.18;64.20;92062
12:35:22;21.92;1006.18;64.20;92573
12:35:28;21.92;1006.16;64.22;91557
12:35:34;21.92;1006.16;64.21;92573
12:35:40;21.92;1006.16;64.20;92573
12:35:46;21.92;1006.16;64.18;92368
12:35:52;21.92;1006.16;64.16;92675
12:35:58;21.92;1006.16;64.17;92985
12:36:4;21.91;1006.16;64.16;92778
12:36:10;21.92;1006.16;64.16;91960
12:36:16;21.91;1006.16;64.18;92265
12:36:22;21.91;1006.16;64.21;91960
12:36:28;21.91;1006.16;64.21;92573
12:36:34;21.91;1006.16;64.21;92265
12:36:40;21.92;1006.14;64.19;92573
12:36:46;21.91;1006.16;64.11;92985
12:36:52;21.92;1006.16;64.07;93506
12:36:58;21.92;1006.16;64.01;94033
12:37:4;21.92;1006.14;63.91;95214
12:37:10;21.92;1006.14;63.82;95541
12:37:16;21.92;1006.16;63.75;94600
12:37:22;21.92;1006.14;63.75;94600
12:37:28;21.92;1006.14;63.73;95870
12:37:34;21.92;1006.14;63.76;95322
12:37:40;21.92;1006.14;63.85;94459
12:37:46;21.92;1006.14;63.90;94781
12:37:52;21.92;1006.14;63.90;94459
12:37:58;21.92;1006.14;63.92;94997
12:38:4;21.92;1006.14;63.90;95214
12:38:10;21.91;1006.14;63.87;95870
12:38:16;21.91;1006.14;63.86;95322
12:38:22;21.91;1006.14;63.86;95431
12:38:28;21.91;1006.14;63.86;95760
12:38:34;21.91;1006.14;63.88;94889
12:38:40;21.91;1006.14;63.90;95105
12:38:46;21.91;1006.14;63.96;94459
12:38:52;21.91;1006.14;64.00;94139
12:38:58;21.91;1006.14;64.01;94246
12:39:4;21.91;1006.14;64.04;93506
12:39:10;21.91;1006.14;64.08;93402
12:39:16;21.91;1006.14;64.08;93402
12:39:22;21.91;1006.14;64.09;92985
12:39:28;21.91;1006.14;64.10;92985
12:39:34;21.91;1006.14;64.10;93089
12:39:40;21.91;1006.14;64.12;93089
12:39:46;21.91;1006.14;64.14;92368
12:39:52;21.91;1006.14;64.15;92470
12:39:58;21.91;1006.14;64.15;93402
12:40:4;21.91;1006.14;64.15;92778
12:40:10;21.91;1006.12;64.17;92573
12:40:16;21.91;1006.12;64.17;92164
12:40:22;21.91;1006.12;64.21;92062
12:40:28;21.91;1006.12;64.24;92265
12:40:34;21.91;1006.12;64.26;91960
12:40:40;21.91;1006.12;64.27;91557
12:40:46;21.91;1006.12;64.24;92164
12:40:52;21.91;1006.14;64.24;91859
12:40:58;21.91;1006.12;64.23;92265
12:41:4;21.92;1006.12;64.27;92265
12:41:10;21.92;1006.12;64.26;92164
12:41:16;21.92;1006.14;64.26;92164
12:41:22;21.92;1006.14;64.26;91657
12:41:28;21.91;1006.14;64.27;91758
12:41:34;21.92;1006.14;64.29;91157
12:41:40;21.92;1006.12;64.28;92368
12:41:46;21.92;1006.12;64.23;93297
12:41:52;21.92;1006.12;64.14;93716
12:41:58;21.91;1006.12;64.07;94459
12:42:4;21.91;1006.12;64.04;94352
12:42:10;21.91;1006.12;64.04;94352
12:42:16;21.91;1006.12;64.06;94459
12:42:22;21.91;1006.12;64.13;92985
12:42:28;21.91;1006.12;64.22;92573
12:42:34;21.91;1006.12;64.26;91960
12:42:40;21.91;1006.12;64.30;92062
12:42:46;21.91;1006.12;64.30;91256
12:42:52;21.91;1006.12;64.33;91557
12:42:58;21.91;1006.12;64.33;91657
12:43:4;21.91;1006.12;64.34;91456
12:43:10;21.91;1006.12;64.32;91657
12:43:16;21.91;1006.12;64.32;91557
12:43:22;21.91;1006.12;64.32;91758
12:43:28;21.91;1006.12;64.32;91256
12:43:34;21.91;1006.12;64.33;91256
12:43:40;21.91;1006.12;64.34;91157
12:43:46;21.91;1006.12;64.34;91157
12:43:52;21.91;1006.12;64.32;91657
12:43:58;21.91;1006.12;64.33;91557
12:44:4;21.91;1006.12;64.32;91657
12:44:10;21.91;1006.12;64.31;91859
12:44:16;21.91;1006.12;64.30;92573
12:44:22;21.91;1006.12;64.30;92164
12:44:28;21.91;1006.12;64.30;91758
12:44:34;21.91;1006.12;64.30;91960
12:44:40;21.91;1006.12;64.32;91456
12:44:46;21.91;1006.12;64.32;91960
12:44:52;21.91;1006.12;64.34;91557
12:44:58;21.91;1006.12;64.36;91859
12:45:4;21.91;1006.12;64.35;91859
12:45:10;21.91;1006.12;64.33;91960
12:45:16;21.91;1006.14;64.34;92368
12:45:22;21.91;1006.12;64.34;92470
12:45:28;21.91;1006.12;64.32;92164
12:45:34;21.91;1006.12;64.32;92368
12:45:40;21.91;1006.12;64.33;92062
12:45:46;21.91;1006.12;64.35;91557
12:45:52;21.91;1006.12;64.36;91557
12:45:58;21.91;1006.12;64.37;91456
12:46:4;21.91;1006.12;64.40;91356
12:46:10;21.91;1006.12;64.40;91157
12:46:16;21.91;1006.12;64.41;91057
12:46:22;21.91;1006.12;64.40;90859
12:46:28;21.91;1006.12;64.41;91657
12:46:34;21.91;1006.12;64.41;91057
12:46:40;21.91;1006.12;64.39;91157
12:46:46;21.91;1006.12;64.39;91456
12:46:52;21.91;1006.12;64.40;91057
12:46:58;21.91;1006.12;64.41;91157
12:47:4;21.91;1006.12;64.39;91256
12:47:10;21.91;1006.12;64.39;91157
12:47:16;21.91;1006.12;64.39;91557
12:47:22;21.91;1006.12;64.39;91456
12:47:28;21.91;1006.12;64.39;91456
12:47:34;21.91;1006.12;64.39;90760
12:47:40;21.91;1006.12;64.40;91157
12:47:46;21.91;1006.14;64.38;91157
12:47:52;21.91;1006.12;64.37;92675
12:47:58;21.91;1006.12;64.35;93089
12:48:4;21.91;1006.12;64.33;93297
12:48:10;21.91;1006.12;64.34;93297
12:48:16;21.91;1006.12;64.34;92882
12:48:22;21.91;1006.12;64.35;93193
12:48:28;21.91;1006.12;64.36;92573
12:48:34;21.91;1006.12;64.33;93297
12:48:40;21.91;1006.12;64.29;93611
12:48:46;21.91;1006.12;64.23;93927
12:48:52;21.91;1006.10;64.22;94033
12:48:58;21.91;1006.10;64.19;93506
12:49:4;21.91;1006.10;64.21;93822
12:49:10;21.91;1006.10;64.22;93611
12:49:16;21.91;1006.10;64.25;93193
12:49:22;21.91;1006.10;64.27;92985
12:49:28;21.91;1006.10;64.28;93611
12:49:34;21.91;1006.10;64.27;93089
12:49:40;21.91;1006.10;64.26;92675
12:49:46;21.91;1006.10;64.26;93716
12:49:52;21.91;1006.10;64.24;93402
12:49:58;21.91;1006.10;64.26;93402
12:50:4;21.91;1006.10;64.28;92882
12:50:10;21.91;1006.10;64.30;92882
12:50:16;21.91;1006.10;64.30;93193
12:50:22;21.91;1006.10;64.35;92164
12:50:28;21.91;1006.10;64.37;91859
12:50:34;21.91;1006.10;64.38;91758
12:50:40;21.91;1006.10;64.39;92062
12:50:46;21.91;1006.10;64.38;91859
12:50:53;21.91;1006.10;64.40;91758
12:50:59;21.91;1006.10;64.42;91758
12:51:5;21.91;1006.10;64.41;91557
12:51:11;21.91;1006.10;64.42;91960
12:51:17;21.91;1006.10;64.41;91356
12:51:23;21.91;1006.08;64.44;91557
12:51:29;21.91;1006.08;64.45;91859
12:51:35;21.91;1006.08;64.46;91758
12:51:41;21.91;1006.10;64.48;91356
12:51:47;21.91;1006.10;64.49;91356
12:51:53;21.91;1006.08;64.50;91157
12:51:59;21.91;1006.08;64.49;91157
12:52:5;21.90;1006.10;64.53;91356
12:52:11;21.90;1006.10;64.52;90760
12:52:17;21.90;1006.10;64.49;90760
12:52:23;21.90;1006.08;64.52;91157
12:52:29;21.90;1006.08;64.50;91557
12:52:35;21.90;1006.10;64.51;91157
12:52:41;21.90;1006.10;64.50;91256
12:52:47;21.90;1006.10;64.50;91256
12:52:53;21.90;1006.08;64.50;91057
12:52:59;21.90;1006.08;64.52;90661
12:53:5;21.90;1006.08;64.52;90958
12:53:11;21.90;1006.08;64.53;90661
12:53:17;21.90;1006.08;64.53;90465
12:53:23;21.90;1006.08;64.54;90269
12:53:29;21.90;1006.10;64.52;90760
12:53:35;21.90;1006.10;64.54;90563
12:53:41;21.90;1006.08;64.53;90661
12:53:47;21.90;1006.08;64.54;90269
12:53:53;21.90;1006.08;64.54;90367
12:53:59;21.90;1006.08;64.53;90367
12:54:5;21.90;1006.08;64.54;89977
12:54:11;21.90;1006.08;64.53;90465
12:54:17;21.90;1006.08;64.53;90172
12:54:23;21.90;1006.08;64.53;90269
12:54:29;21.90;1006.08;64.54;90172
12:54:35;21.90;1006.08;64.55;90367
12:54:41;21.90;1006.08;64.56;90172
12:54:47;21.90;1006.08;64.56;90074
12:54:53;21.90;1006.08;64.57;90074
12:54:59;21.90;1006.08;64.57;89977
12:55:5;21.90;1006.06;64.56;89977
12:55:11;21.90;1006.06;64.57;90661
12:55:17;21.90;1006.06;64.57;90074
12:55:23;21.90;1006.06;64.56;89783
12:55:29;21.90;1006.06;64.56;90074
12:55:35;21.90;1006.06;64.54;89783
12:55:41;21.90;1006.06;64.54;89880
12:55:47;21.90;1006.06;64.53;90172
12:55:53;21.90;1006.06;64.54;89977
12:55:59;21.90;1006.06;64.54;90269
12:56:5;21.90;1006.06;64.55;90661
12:56:11;21.90;1006.04;64.57;90367
12:56:17;21.90;1006.06;64.57;89977
12:56:23;21.90;1006.06;64.56;89977
12:56:29;21.90;1006.06;64.56;89591
12:56:35;21.90;1006.06;64.58;90074
12:56:41;21.90;1006.06;64.58;89687
12:56:47;21.90;1006.04;64.59;89591
12:56:53;21.90;1006.06;64.58;89783
12:56:59;21.90;1006.04;64.58;89687
12:57:5;21.90;1006.06;64.58;90367
12:57:25;0.00;0.00;3069726.75;
12:57:35;21.89;1006.06;64.80;65476
12:57:45;21.89;1006.06;64.84;71785
12:57:57;21.89;1006.06;64.88;72345
12:58:7;21.89;1006.08;64.89;73883
12:58:17;21.88;1006.08;64.87;73428
12:58:27;21.88;1006.08;64.90;73492
12:58:37;21.88;1006.08;64.92;73492
12:58:47;21.88;1006.08;64.91;73428
12:58:57;21.88;1006.08;64.94;73687
12:59:7;21.88;1006.08;64.93;73752
12:59:17;21.88;1006.08;64.94;73170
12:59:27;21.87;1006.10;64.93;73170
12:59:37;21.87;1006.10;64.92;72914
12:59:47;21.87;1006.10;64.94;72914
12:59:57;21.87;1006.10;64.92;72408
13:0:7;21.87;1006.10;64.92;72283
13:0:17;21.87;1006.10;64.90;71971
13:0:27;21.87;1006.10;64.89;71785
13:0:37;21.87;1006.08;64.90;71662
13:0:47;21.87;1006.08;64.92;71971
13:0:57;21.87;1006.08;64.89;71724
13:1:7;21.87;1006.10;64.87;72660
13:1:17;21.87;1006.10;64.87;72724
13:1:27;21.87;1006.10;64.87;72660
13:1:37;21.87;1006.08;64.88;72851
13:1:47;21.86;1006.10;64.87;72787
13:1:57;21.86;1006.10;64.88;72220
13:2:7;21.86;1006.10;64.89;72787
13:2:17;21.86;1006.10;64.88;72787
13:2:27;21.86;1006.10;64.89;72345
13:2:37;21.86;1006.10;64.90;72408
13:2:47;21.86;1006.10;64.91;72724
13:2:57;21.86;1006.12;64.91;72471
13:3:7;21.86;1006.12;64.91;72660
13:3:17;21.86;1006.12;64.93;72851
13:3:27;21.86;1006.12;64.94;72534
13:3:37;21.86;1006.14;64.95;72914
13:3:47;21.86;1006.14;64.94;72534
13:3:57;21.86;1006.12;64.94;72851
13:4:7;21.86;1006.12;64.91;72787
13:4:17;21.86;1006.12;64.88;73106
13:4:27;21.86;1006.12;64.89;72978
13:4:37;21.86;1006.12;64.88;72978
13:4:47;21.86;1006.12;64.89;73042
13:4:57;21.86;1006.12;64.89;73042
13:5:7;21.86;1006.12;64.90;73042
13:5:17;21.86;1006.10;64.91;72914
13:5:27;21.86;1006.12;64.91;73042
13:5:37;21.86;1006.10;64.93;73622
13:5:47;21.86;1006.10;64.93;72978
13:5:57;21.86;1006.10;64.94;72597
13:6:7;21.86;1006.10;64.94;72220
13:6:17;21.86;1006.10;64.94;71971
13:6:27;21.86;1006.08;64.94;72220
13:6:37;21.85;1006.08;64.94;71847
13:6:47;21.85;1006.08;64.96;71601
13:6:57;21.85;1006.08;64.96;71847
13:7:7;21.85;1006.08;64.97;71478
13:7:22;0.00;0.00;3069202.50;
13:7:32;21.86;1006.08;65.00;61337
13:7:42;21.86;1006.06;65.04;67055
13:7:52;21.86;1006.08;65.05;69455
13:8:2;21.86;1006.08;65.10;69920
13:8:12;21.86;1006.08;65.11;70511
13:8:22;21.86;1006.08;65.08;70811
13:8:32;21.86;1006.08;65.08;70811
13:8:42;21.87;1006.06;65.09;71417
13:8:52;21.87;1006.04;65.09;72220
13:9:2;21.88;1006.00;65.11;72471
13:9:12;21.89;1005.98;65.16;72345
13:9:22;21.90;1005.98;65.29;72158
13:9:32;21.91;1005.96;65.38;71909
13:9:42;21.92;1005.94;65.27;72095
13:9:52;21.93;1005.90;65.28;71785
13:10:2;21.94;1005.90;65.28;71971
13:10:12;21.95;1005.89;65.30;71478
13:10:22;21.98;1005.83;65.28;71785
13:10:32;22.03;1005.75;65.10;71662
13:10:42;22.08;1005.63;64.86;70871
13:10:52;22.14;1005.53;64.67;71295
13:11:2;22.18;1005.41;64.55;71417
13:11:12;22.21;1005.37;64.54;71356
13:11:22;22.22;1005.33;64.54;71173
13:11:32;22.23;1005.33;64.61;71295
13:11:42;22.23;1005.33;64.68;70871
13:11:52;22.23;1005.33;64.72;71234
13:12:2;22.22;1005.35;64.77;71173
13:12:12;22.21;1005.37;64.79;70871
13:12:22;22.20;1005.37;64.82;71112
13:12:32;22.19;1005.37;64.84;70811
13:12:42;22.18;1005.39;64.87;70751
13:12:52;22.17;1005.39;64.91;71112
13:13:2;22.16;1005.41;64.93;70871
13:13:12;22.15;1005.43;64.95;70871
13:13:22;22.14;1005.51;64.97;70991
13:13:32;22.13;1005.51;64.98;70811
13:13:42;22.12;1005.53;64.99;71052
13:13:52;22.12;1005.53;64.97;71785
13:14:2;22.11;1005.55;64.93;72283
13:14:12;22.11;1005.55;64.91;72408
13:14:22;22.10;1005.57;64.96;73363
13:14:32;22.10;1005.57;64.99;72660
13:14:42;22.09;1005.59;65.04;72851
13:14:52;22.09;1005.59;65.07;72787
13:15:2;22.08;1005.59;65.08;72851
13:15:12;22.07;1005.61;65.11;72660
13:15:22;22.07;1005.61;65.11;72724
13:15:32;22.06;1005.63;65.13;72597
13:15:42;22.06;1005.63;65.14;73170
13:15:52;22.06;1005.63;65.07;73687
13:16:2;22.05;1005.67;65.00;74146
13:16:12;22.05;1005.67;65.05;74014
13:16:22;22.05;1005.69;65.07;73818
13:16:32;22.04;1005.69;65.10;73363
13:16:42;22.04;1005.69;65.11;73428
13:16:52;22.04;1005.69;65.13;73752
13:17:2;22.04;1005.67;65.13;73622
13:17:12;22.03;1005.69;65.13;73622
13:17:22;22.03;1005.69;65.16;73752
13:17:32;22.03;1005.69;65.16;73299
13:17:42;22.03;1005.69;65.16;73299
13:17:52;22.03;1005.71;65.14;73752
13:18:2;22.03;1005.69;65.14;74410
13:18:12;22.03;1005.71;65.14;74278
13:18:22;22.03;1005.71;65.12;74212
13:18:32;22.03;1005.71;65.16;73752
13:18:42;22.04;1005.71;65.26;74410
13:18:52;22.04;1005.71;65.31;74410
13:19:2;22.04;1005.69;65.35;73883
13:19:12;22.04;1005.69;65.38;73428
13:19:22;22.04;1005.69;65.32;73106
13:19:32;22.04;1005.69;65.31;72787
13:19:42;22.04;1005.69;65.25;72660
13:19:52;22.04;1005.69;65.35;72597
13:20:2;22.04;1005.69;65.42;72471
13:20:12;22.03;1005.69;65.43;72471
13:20:22;22.03;1005.69;65.43;72095
13:20:32;22.03;1005.71;65.44;72033
13:20:42;22.03;1005.71;65.48;72033
13:20:53;22.03;1005.71;65.48;71909
13:21:3;22.02;1005.71;65.45;71847
13:21:13;22.02;1005.73;65.45;71971
13:21:23;22.02;1005.73;65.48;72283
13:21:33;22.02;1005.73;65.42;72220
13:21:43;22.01;1005.73;65.39;72597
13:21:53;22.01;1005.73;65.43;72345
13:22:3;22.01;1005.73;65.44;72408
13:22:13;22.01;1005.73;65.43;71847
13:22:23;22.01;1005.73;65.42;72345
13:22:33;22.01;1005.73;65.39;72597
13:22:43;22.00;1005.73;65.41;72534
13:22:53;22.00;1005.73;65.46;72345
13:23:3;22.00;1005.73;65.50;71847
13:23:13;22.00;1005.73;65.48;72095
13:23:23;22.00;1005.75;65.40;72220
13:23:33;22.00;1005.75;65.35;72033
13:23:43;21.99;1005.75;65.30;72534
13:23:53;21.99;1005.75;65.29;72471
13:24:3;21.99;1005.75;65.27;72534
13:24:13;21.99;1005.75;65.24;73170
13:24:23;21.99;1005.75;65.27;72787
13:24:33;21.99;1005.77;65.31;72597
13:24:43;21.99;1005.77;65.34;72724
13:24:53;21.98;1005.77;65.31;72660
13:25:3;21.98;1005.77;65.29;72597
13:25:13;21.98;1005.77;65.25;73042
13:25:23;21.98;1005.79;65.24;73106
13:25:33;21.98;1005.77;65.25;73752
13:25:43;21.98;1005.79;65.25;73299
13:25:53;21.98;1005.79;65.24;73428
13:26:3;21.98;1005.79;65.26;72978
13:26:13;21.98;1005.79;65.27;73234
13:26:23;21.97;1005.79;65.28;72914
13:26:33;21.97;1005.79;65.31;73042
13:26:43;21.97;1005.79;65.35;72724
13:26:53;21.97;1005.81;65.37;72597
13:27:3;21.97;1005.79;65.38;72724
13:27:13;21.97;1005.81;65.33;72978
13:27:23;21.97;1005.81;65.32;73363
13:27:33;21.97;1005.81;65.33;73557
13:27:43;21.97;1005.79;65.32;73363
13:27:53;21.97;1005.81;65.31;73234
13:28:3;21.97;1005.81;65.33;73492
13:28:13;21.96;1005.79;65.36;73363
13:28:23;21.96;1005.79;65.37;73042
13:28:33;21.96;1005.79;65.41;73106
13:28:43;21.96;1005.79;65.41;72978
13:28:53;21.96;1005.79;65.41;72851
13:29:3;21.96;1005.79;65.37;73170
13:29:13;21.96;1005.79;65.37;72914
13:29:23;21.96;1005.79;65.33;73170
13:29:33;21.96;1005.79;65.33;73042
13:29:43;21.96;1005.79;65.31;72851
13:29:53;21.96;1005.79;65.30;72978
13:30:3;21.96;1005.79;65.33;72978
13:30:13;21.96;1005.79;65.35;72787
13:30:23;21.96;1005.79;65.37;72787
13:30:33;21.96;1005.79;65.37;72914
13:30:43;21.96;1005.79;65.36;72851
13:30:53;21.96;1005.79;65.33;72978
13:31:3;21.96;1005.79;65.32;72787
13:31:13;21.95;1005.79;65.31;72851
13:31:23;21.95;1005.79;65.30;72978
13:31:33;21.95;1005.79;65.30;72978
13:31:43;21.95;1005.79;65.30;72978
13:31:53;21.95;1005.79;65.30;72914
13:32:3;21.95;1005.79;65.29;73299
13:32:13;21.95;1005.79;65.29;73234
13:32:23;21.95;1005.79;65.32;73299
13:32:33;21.95;1005.79;65.32;73234
13:32:43;21.95;1005.79;65.31;73883
13:32:53;21.95;1005.79;65.21;74212
13:33:3;21.95;1005.79;65.13;74810
13:33:13;21.95;1005.79;65.11;74945
13:33:23;21.95;1005.79;65.10;75080
13:33:33;21.95;1005.79;65.11;74810
13:33:43;21.95;1005.79;65.10;74743
13:33:53;21.95;1005.79;65.11;74945
13:34:3;21.95;1005.79;65.11;75012
13:34:13;21.95;1005.79;65.10;74810
13:34:23;21.94;1005.79;65.10;74945
13:34:33;21.94;1005.79;65.11;74743
13:34:43;21.94;1005.77;65.13;74610
13:34:53;21.94;1005.77;65.15;74676
13:35:3;21.94;1005.77;65.15;74146
13:35:13;21.94;1005.77;65.17;74543
13:35:23;21.94;1005.77;65.18;73948
13:35:33;21.94;1005.77;65.20;73622
13:35:43;21.94;1005.77;65.20;74146
13:35:53;21.94;1005.77;65.20;73492
13:36:3;21.94;1005.77;65.20;73752
13:36:13;21.94;1005.77;65.20;73687
13:36:23;21.94;1005.77;65.17;74014
13:36:33;21.94;1005.77;65.14;74278
13:36:43;21.94;1005.77;65.13;73428
13:36:53;21.94;1005.77;65.13;73883
13:37:3;21.94;1005.77;65.16;73557
13:37:13;21.94;1005.77;65.17;73818
13:37:23;21.94;1005.77;65.17;73752
13:37:33;21.94;1005.77;65.19;73818
13:37:43;21.94;1005.77;65.20;73948
13:37:53;21.94;1005.77;65.21;74080
13:38:3;21.94;1005.77;65.22;73883
13:38:13;21.94;1005.77;65.24;73752
13:38:23;21.94;1005.77;65.22;73752
13:38:33;21.94;1005.79;65.22;73622
13:38:43;21.94;1005.79;65.21;73818
13:38:53;21.94;1005.79;65.21;73948
13:39:3;21.94;1005.79;65.19;73752
13:39:13;21.94;1005.79;65.16;73883
13:39:23;21.93;1005.79;65.15;73948
13:39:33;21.93;1005.79;65.17;73622
13:39:43;21.93;1005.79;65.19;74212
13:39:53;21.93;1005.79;65.20;74080
13:40:3;21.93;1005.79;65.19;73883
13:40:13;21.93;1005.79;65.21;73622
13:40:23;21.93;1005.77;65.21;73492
13:40:33;21.93;1005.77;65.19;73948
13:40:43;21.93;1005.77;65.21;73492
13:40:53;21.93;1005.77;65.19;73752
13:41:3;21.93;1005.77;65.19;73363
13:41:13;21.93;1005.79;65.22;73299
13:41:23;21.93;1005.79;65.24;73687
13:41:33;21.93;1005.77;65.22;73299
13:41:43;21.93;1005.79;65.19;73492
13:41:53;21.93;1005.77;65.21;73428
13:42:3;21.93;1005.79;65.20;73687
13:42:13;21.93;1005.77;65.21;73557
13:42:23;21.93;1005.79;65.21;73299
13:42:33;21.93;1005.79;65.22;73557
13:42:43;21.93;1005.79;65.22;73687
13:42:53;21.93;1005.79;65.19;73818
13:43:3;21.93;1005.79;65.21;73299
13:43:13;21.93;1005.79;65.22;73299
13:43:23;21.93;1005.79;65.21;73234
13:43:33;21.93;1005.79;65.22;73687
13:43:43;21.93;1005.79;65.25;73752
13:43:53;21.93;1005.79;65.29;73428
13:44:3;21.93;1005.79;65.30;73234
13:44:13;21.93;1005.79;65.30;73299
13:44:23;21.93;1005.79;65.30;73106
13:44:33;21.93;1005.79;65.29;73106
13:44:43;21.93;1005.79;65.28;73234
13:44:53;21.93;1005.79;65.30;72851
13:45:3;21.93;1005.79;65.31;73299
13:45:13;21.92;1005.81;65.36;73363
13:45:23;21.92;1005.81;65.38;72914
13:45:33;21.92;1005.81;65.38;72851
13:45:43;21.92;1005.81;65.36;73234
13:45:53;21.92;1005.81;65.38;73557
13:46:3;21.92;1005.81;65.38;73042
13:46:13;21.92;1005.81;65.36;73042
13:46:23;21.92;1005.83;65.34;72978
13:46:33;21.92;1005.83;65.34;72978
13:46:43;21.92;1005.81;65.38;73042
13:46:53;21.92;1005.83;65.39;73042
13:47:3;21.92;1005.81;65.41;72724
13:47:13;21.92;1005.83;65.41;73042
13:47:23;21.92;1005.83;65.41;73170
13:47:33;21.92;1005.83;65.43;72851
13:47:43;21.92;1005.83;65.43;72660
13:47:53;21.92;1005.81;65.41;72978
13:48:3;21.92;1005.81;65.42;72660
13:48:13;21.92;1005.81;65.42;73299
13:48:23;21.92;1005.81;65.42;72978
13:48:33;21.92;1005.81;65.41;73363
13:48:43;21.92;1005.81;65.40;73428
13:48:53;21.92;1005.81;65.42;72724
13:49:3;21.92;1005.81;65.41;73234
13:49:13;21.92;1005.81;65.40;73170
13:49:23;21.92;1005.81;65.41;72787
13:49:33;21.92;1005.81;65.39;72724
13:49:43;21.92;1005.81;65.39;72660
13:49:53;21.92;1005.81;65.39;72914
13:50:3;21.92;1005.81;65.41;72978
13:50:13;21.92;1005.81;65.41;72787
13:50:23;21.92;1005.81;65.42;72724
13:50:33;21.92;1005.81;65.42;72851
13:50:43;21.92;1005.79;65.42;72597
13:50:53;21.92;1005.79;65.41;72660
13:51:3;21.92;1005.79;65.40;72851
13:51:13;21.92;1005.79;65.37;73042
13:51:23;21.92;1005.79;65.38;73170
13:51:33;21.92;1005.79;65.39;73492
13:51:43;21.92;1005.79;65.38;72914
13:51:53;21.92;1005.79;65.38;72787
13:52:3;21.92;1005.79;65.36;72724
13:52:13;21.92;1005.79;65.38;72787
13:52:23;21.92;1005.79;65.38;72724
13:52:33;21.92;1005.77;65.38;72978
13:52:43;21.92;1005.79;65.38;72597
13:52:53;21.92;1005.77;65.38;72724
13:53:3;21.92;1005.79;65.36;72851
13:53:13;21.91;1005.79;65.37;72660
